# featExtract 1.1
# Extraction Voxel Resolution (ijk) : 180 180 180
# Extraction Voxel Size (mm)  (ijk) : 1.000000 1.000000 1.000000
# Feature Coordinate Space: voxels
Features: 1334
Scale-space location[x y z scale] orientation[o11 o12 o13 o21 o22 o23 o31 o32 o32] 2nd moment eigenvalues[e1 e2 e3] info flag[i1] descriptor[d1 .. d64]
87.673027	22.827038	9.203290	3.637770	-0.526376	0.010413	0.850188	-0.292975	0.936468	-0.192859	-0.798182	-0.350600	-0.489884	0.255690	0.125626	0.073680	0	43	34	54	11	40	48	28	45	41	13	52	25	59	19	20	22	50	23	56	15	5	33	39	51	63	24	7	0	27	14	10	6	16	26	55	17	57	35	47	29	46	49	53	31	38	58	9	12	61	1	42	2	60	21	18	32	62	37	44	3	36	30	8	4	
87.673027	22.827038	9.203290	3.637770	0.530771	0.769308	0.355594	0.251313	-0.543567	0.800860	0.809397	-0.335708	-0.481846	0.255690	0.125626	0.073680	32	20	61	19	23	28	38	42	58	47	62	44	46	21	15	5	31	16	56	27	43	39	48	30	32	37	63	29	41	11	4	0	1	36	55	10	7	6	50	35	49	54	59	40	45	2	3	8	14	60	52	24	25	13	12	34	18	53	57	17	51	9	33	22	26	
87.673027	22.827038	9.203290	3.637770	0.530771	0.769308	0.355594	-0.605862	0.637808	-0.475534	-0.592633	0.036959	0.804624	0.255690	0.125626	0.073680	32	35	15	58	52	40	33	11	24	50	27	55	48	42	25	18	12	19	13	63	21	38	45	37	14	29	49	60	41	5	20	10	4	56	31	53	28	30	26	44	7	39	54	62	22	0	1	9	2	34	32	47	8	51	57	43	36	59	46	61	6	17	23	16	3	
87.673027	22.827038	9.203290	3.637770	0.530771	0.769308	0.355594	-0.585214	0.029193	0.810353	0.613031	-0.638210	0.465705	0.255690	0.125626	0.073680	32	63	19	16	12	33	37	13	46	60	29	42	49	10	5	4	21	47	34	8	38	43	51	31	57	61	59	6	45	15	18	0	24	58	35	52	14	9	39	22	36	55	50	48	27	20	41	11	25	53	56	28	32	44	30	7	26	62	40	23	54	17	1	2	3	
158.463501	26.807234	9.186627	3.738090	-0.934586	0.344264	0.089622	0.186441	0.259453	0.947588	-0.302968	-0.902312	0.306666	0.448807	0.366297	0.291529	0	10	1	55	11	30	29	54	53	9	13	42	57	20	26	27	14	46	0	63	4	40	59	21	8	51	56	25	7	16	34	38	15	5	48	6	31	33	24	62	37	22	45	28	39	49	18	52	2	17	23	50	47	36	60	12	58	61	41	35	19	44	43	3	32	
158.463501	26.807234	9.186627	3.738090	-0.776705	0.595024	-0.206583	-0.606372	-0.795114	-0.010358	-0.170420	0.117221	0.978374	0.448807	0.366297	0.291529	32	55	31	32	24	9	0	33	61	5	37	36	57	18	25	62	11	46	15	10	16	34	50	13	54	47	28	42	35	58	27	22	7	39	41	29	38	6	4	53	49	14	59	30	44	3	26	60	45	63	12	8	17	48	2	23	20	56	52	51	21	40	43	19	1	
158.463501	26.807234	9.186627	3.738090	-0.776705	0.595024	-0.206583	0.626387	0.764109	-0.154199	0.066100	-0.249168	-0.966202	0.448807	0.366297	0.291529	32	9	6	22	62	14	18	5	47	20	40	55	60	2	8	58	29	39	25	43	28	45	61	3	4	50	34	53	19	35	57	23	27	13	24	44	38	54	7	49	26	32	48	33	41	17	11	37	52	30	16	31	51	56	46	0	21	59	36	15	1	12	63	10	42	
165.185608	109.793564	10.646991	3.636062	-0.423033	0.835292	0.351185	-0.277394	0.249581	-0.927772	0.862610	0.489895	-0.126124	0.168480	0.089668	0.038091	0	24	0	55	16	21	15	50	61	20	7	51	30	23	42	58	56	40	41	13	17	34	59	33	35	52	37	38	6	27	57	31	36	1	2	5	8	26	3	63	18	9	14	48	25	49	11	60	47	32	4	29	10	44	28	62	19	54	39	22	12	46	53	45	43	
165.185608	109.793564	10.646991	3.636062	-0.431613	-0.268627	0.861133	-0.902015	0.138014	-0.409050	-0.008967	-0.953306	-0.301874	0.168480	0.089668	0.038091	32	14	15	38	54	29	34	16	55	60	51	36	56	30	28	10	9	21	32	0	41	58	48	12	19	62	46	44	47	18	13	1	2	53	31	52	50	27	23	24	20	45	61	49	43	25	3	17	4	39	22	33	59	57	26	11	8	63	42	37	35	40	5	6	7	
165.185608	109.793564	10.646991	3.636062	-0.431613	-0.268627	0.861133	-0.865956	-0.143985	-0.478946	0.252648	-0.952422	-0.170473	0.168480	0.089668	0.038091	32	15	22	36	49	12	42	19	52	57	51	44	56	35	17	0	7	11	27	9	50	32	58	21	16	62	61	37	33	18	20	1	2	38	24	55	47	23	28	30	26	41	60	46	39	25	13	14	8	53	29	48	45	54	31	6	3	59	63	34	43	40	4	10	5	
165.185608	109.793564	10.646991	3.636062	-0.431613	-0.268627	0.861133	-0.391733	-0.804100	-0.447178	0.812561	-0.530342	0.241830	0.168480	0.089668	0.038091	32	8	36	39	28	0	61	17	38	52	60	54	42	18	20	1	2	26	19	57	35	22	55	10	14	45	63	41	24	12	32	3	4	15	25	58	29	23	43	49	33	34	62	48	47	21	30	5	11	51	59	40	16	31	44	9	13	50	56	46	53	37	27	6	7	
165.185608	109.793564	10.646991	3.636062	-0.431613	-0.268627	0.861133	0.624149	0.600289	0.500091	-0.651267	0.753321	-0.091429	0.168480	0.089668	0.038091	32	17	34	55	58	0	1	44	41	50	45	61	49	2	3	26	40	38	60	18	16	29	48	37	21	46	43	62	39	10	12	25	23	42	51	19	14	4	20	59	22	24	32	63	47	5	6	30	11	36	35	33	13	31	28	56	9	52	53	54	57	7	8	15	27	
16.524063	158.520584	12.529126	3.809599	0.097303	-0.768562	-0.632332	0.168633	-0.613429	0.771536	-0.980864	-0.181705	0.069916	0.482997	0.421353	0.179434	0	62	44	46	24	27	1	54	42	23	61	8	39	5	53	30	43	36	52	4	28	9	55	12	45	49	40	59	26	13	3	57	60	6	34	2	37	31	48	58	47	15	22	63	16	14	0	33	21	18	11	19	25	38	29	41	17	50	51	7	35	20	56	10	32	
16.524063	158.520584	12.529126	3.809599	0.584831	0.802961	0.115007	-0.402614	0.410431	-0.818199	-0.704184	0.432204	0.563316	0.482997	0.421353	0.179434	32	2	41	29	56	52	25	40	14	23	53	28	50	15	44	6	22	26	60	63	51	8	54	24	1	0	38	48	9	62	59	61	3	35	49	11	12	37	20	57	10	13	18	47	7	33	43	55	19	4	27	32	17	36	31	58	39	45	34	42	21	30	46	16	5	
16.524063	158.520584	12.529126	3.809599	0.584831	0.802961	0.115007	-0.446528	0.200322	0.872057	0.677189	-0.561360	0.475699	0.482997	0.421353	0.179434	32	62	31	50	54	25	0	1	59	48	8	6	23	52	58	19	63	4	10	5	17	60	51	45	29	24	39	27	21	16	40	14	33	38	7	32	61	22	53	9	49	56	12	57	43	20	13	2	41	36	37	18	34	42	55	3	30	44	15	11	35	47	26	28	46	
16.524063	158.520584	12.529126	3.809599	0.584831	0.802961	0.115007	0.612299	-0.529993	0.586683	0.532037	-0.272692	-0.801608	0.482997	0.421353	0.179434	32	1	18	19	2	35	61	24	45	26	34	29	33	20	17	30	38	14	37	41	39	8	49	22	52	4	47	36	13	28	48	44	32	43	62	59	23	0	21	58	5	9	50	25	6	15	55	63	60	27	46	57	12	11	31	42	51	56	54	53	7	3	16	40	10	
16.524063	158.520584	12.529126	3.809599	0.584831	0.802961	0.115007	-0.796129	0.595362	-0.108268	-0.155406	-0.028242	0.987447	0.482997	0.421353	0.179434	32	11	62	48	57	24	50	3	38	45	21	44	55	56	29	41	27	31	7	60	59	9	30	42	22	14	37	40	4	39	63	32	33	15	18	58	35	54	52	12	2	19	46	49	13	25	17	34	26	0	10	1	43	61	6	36	53	47	8	5	28	51	23	16	20	
16.524063	158.520584	12.529126	3.809599	0.624802	-0.433476	0.649401	-0.586296	-0.809754	0.023576	0.515635	-0.395471	-0.760081	0.482997	0.421353	0.179434	32	19	14	24	45	37	23	31	28	34	40	13	51	42	21	53	15	29	61	7	12	32	49	17	1	5	55	25	20	18	43	33	46	4	58	9	30	63	59	47	3	11	22	56	50	26	8	57	10	0	38	35	62	48	6	60	27	16	41	39	44	36	54	52	2	
16.524063	158.520584	12.529126	3.809599	0.624802	-0.433476	0.649401	0.556345	-0.336394	-0.759815	0.547816	0.836025	0.030982	0.482997	0.421353	0.179434	32	1	36	15	60	19	27	4	48	24	12	21	56	39	18	44	47	41	0	63	32	59	55	20	9	43	11	50	38	53	30	3	51	22	16	42	17	25	33	26	34	5	31	52	45	40	46	13	28	6	8	29	57	37	62	2	61	58	7	49	23	54	35	14	10	
16.524063	158.520584	12.529126	3.809599	0.624802	-0.433476	0.649401	0.590488	0.806497	-0.029783	-0.510829	0.402072	0.759863	0.482997	0.421353	0.179434	32	62	36	39	0	23	61	7	43	44	38	41	17	2	52	54	35	30	9	57	4	3	48	59	63	50	56	21	11	10	55	8	26	13	6	60	29	1	20	51	31	18	25	58	5	45	33	40	19	47	28	15	14	27	32	24	37	49	12	42	34	16	53	22	46	
16.524063	158.520584	12.529126	3.809599	0.624802	-0.433476	0.649401	0.777860	0.417490	-0.469719	-0.067507	0.798624	0.598032	0.482997	0.421353	0.179434	32	47	1	60	50	16	40	6	46	42	7	39	24	15	44	37	61	57	5	52	11	22	63	2	62	55	36	20	8	18	59	3	33	4	10	43	25	19	38	45	23	17	28	58	31	27	0	26	32	48	35	51	14	34	41	9	53	56	13	21	30	49	54	12	29	
16.524063	158.520584	12.529126	3.809599	0.624802	-0.433476	0.649401	-0.606352	0.254607	0.753334	-0.491894	-0.864450	-0.103760	0.482997	0.421353	0.179434	32	58	43	15	8	61	7	62	27	18	50	6	53	5	14	40	55	19	31	16	26	39	29	30	28	42	52	25	10	48	1	37	38	22	63	0	57	13	12	56	59	33	47	9	44	46	2	36	54	60	20	34	3	45	4	24	17	49	32	11	23	51	35	21	41	
16.524063	158.520584	12.529126	3.809599	0.624802	-0.433476	0.649401	-0.771711	-0.216425	0.598015	-0.118678	-0.874791	-0.469741	0.482997	0.421353	0.179434	32	27	60	7	45	57	11	48	31	24	33	1	55	20	10	50	54	18	34	25	14	35	44	23	28	41	58	21	12	42	16	9	17	15	53	6	62	49	0	63	43	13	32	22	52	26	8	56	40	59	51	3	38	46	2	36	4	30	39	5	37	61	19	47	29	
16.524063	158.520584	12.529126	3.809599	0.624802	-0.433476	0.649401	-0.754992	-0.547428	0.360985	0.199022	-0.715836	-0.669305	0.482997	0.421353	0.179434	32	11	38	41	55	46	9	37	33	31	18	22	54	25	0	58	48	30	49	16	2	23	43	45	17	21	57	36	14	20	32	1	34	24	51	12	40	63	35	62	4	8	28	50	53	15	26	59	3	29	61	5	56	39	10	52	6	19	42	13	47	60	44	27	7	
24.059113	10.741408	14.324300	3.703182	-0.529698	0.845528	-0.067094	-0.564211	-0.292186	0.772201	-0.633314	-0.446888	-0.631827	0.557176	0.110682	0.102923	0	46	4	49	20	38	29	60	55	41	44	32	54	27	42	17	51	50	37	39	48	8	52	3	36	61	26	53	25	0	40	24	9	57	12	22	47	15	30	18	58	62	6	11	2	19	5	16	31	63	13	7	28	34	14	1	45	59	21	23	35	33	10	43	56	
24.059113	10.741408	14.324300	3.703182	0.553544	0.549347	0.625945	-0.832312	0.391145	0.392762	-0.029073	-0.738392	0.673744	0.557176	0.110682	0.102923	32	17	36	42	46	19	56	29	33	50	51	52	61	11	21	13	20	43	18	40	38	26	37	34	30	59	48	57	22	31	6	10	23	28	47	7	8	45	54	24	12	62	55	49	39	2	3	5	1	15	25	27	14	44	32	58	53	60	63	16	35	0	4	9	41	
24.059113	10.741408	14.324300	3.703182	0.553544	0.549347	0.625945	0.832418	-0.388298	-0.395354	0.025866	0.739894	-0.672226	0.557176	0.110682	0.102923	32	14	27	25	15	52	58	32	44	36	16	62	60	41	9	4	0	8	7	47	29	12	24	55	45	40	49	54	63	1	5	3	2	38	39	18	43	28	34	37	26	22	57	48	59	23	10	6	31	46	42	35	17	33	30	56	19	61	53	51	50	21	13	20	11	
24.059113	10.741408	14.324300	3.703182	0.553544	0.549347	0.625945	-0.387788	0.835163	-0.390029	-0.737027	-0.026835	0.675330	0.557176	0.110682	0.102923	32	31	30	22	43	33	41	37	38	63	47	46	49	9	17	8	6	15	56	21	40	45	57	13	2	25	50	54	61	12	14	10	29	28	36	19	1	52	32	48	39	58	59	55	26	0	7	3	11	16	4	42	44	34	23	24	60	62	5	51	53	18	35	20	27	
24.059113	10.741408	14.324300	3.703182	0.553544	0.549347	0.625945	-0.454119	-0.430932	0.779791	0.698115	-0.715902	0.010929	0.557176	0.110682	0.102923	32	33	22	54	48	6	28	17	51	56	44	43	41	14	26	29	9	36	20	39	11	42	40	62	12	47	63	24	31	3	16	57	13	25	21	55	30	35	15	46	37	27	59	61	49	8	18	19	23	10	34	2	45	32	50	5	52	58	53	38	60	7	0	4	1	
24.059113	10.741408	14.324300	3.703182	0.553544	0.549347	0.625945	0.577048	-0.794931	0.187350	0.600503	0.257494	-0.757029	0.557176	0.110682	0.102923	32	38	43	6	16	62	40	5	32	37	53	11	63	50	8	25	22	1	14	47	21	24	35	44	55	36	58	60	56	2	4	3	0	48	31	52	13	15	17	54	26	57	51	42	39	27	18	12	20	49	29	33	23	41	34	46	19	59	30	45	61	7	10	28	9	
24.059113	10.741408	14.324300	3.703182	0.553544	0.549347	0.625945	0.121844	-0.796929	0.591657	0.823858	-0.251240	-0.508070	0.557176	0.110682	0.102923	32	40	43	28	16	49	17	32	38	55	57	8	56	10	34	33	7	22	19	15	30	60	48	26	37	13	59	46	62	0	1	35	2	41	23	52	25	20	18	44	53	58	50	61	39	27	5	24	11	14	31	12	47	29	45	21	51	36	63	42	54	4	9	3	6	
78.130302	11.587134	14.619511	3.934702	-0.156978	-0.377190	0.912735	-0.403084	0.868182	0.289453	-0.901599	-0.322471	-0.288325	0.200643	0.108261	0.072328	0	52	15	40	35	38	43	32	30	16	9	56	34	21	26	29	42	27	8	39	25	51	47	59	44	61	36	33	10	55	12	11	5	20	7	48	6	53	37	58	14	54	45	49	4	28	41	31	13	62	0	18	1	63	17	19	2	57	24	46	3	50	22	60	23	
78.130302	11.587134	14.619511	3.934702	0.043725	0.597676	0.800544	0.118746	-0.798739	0.589843	0.991961	0.069270	-0.105897	0.200643	0.108261	0.072328	32	17	55	13	54	34	49	8	50	45	60	30	63	7	22	0	28	41	46	11	39	26	44	16	31	53	62	43	57	1	2	3	4	42	32	37	40	52	35	15	19	48	38	56	47	14	21	23	27	58	9	25	12	33	6	18	36	61	29	59	51	5	24	20	10	
78.130302	11.587134	14.619511	3.934702	0.043725	0.597676	0.800544	-0.682209	0.603258	-0.413123	-0.729849	-0.528074	0.434118	0.200643	0.108261	0.072328	32	24	12	52	47	33	10	21	34	8	45	57	56	11	15	48	5	50	39	37	44	22	18	54	31	60	53	51	49	6	13	7	28	32	36	41	29	25	14	38	19	40	63	58	27	0	1	9	3	43	55	35	17	46	42	30	20	62	59	61	26	16	23	4	2	
78.130302	11.587134	14.619511	3.934702	0.043725	0.597676	0.800544	0.033532	0.799981	-0.599087	-0.998481	0.053039	0.014938	0.200643	0.108261	0.072328	32	14	27	12	54	36	18	10	33	60	49	28	58	19	11	13	4	39	32	37	45	22	25	31	46	43	55	38	53	34	24	26	6	35	16	42	47	29	15	44	20	56	40	61	59	5	0	3	1	52	9	57	17	51	8	50	41	63	30	62	48	21	2	23	7	
170.037704	128.555878	14.605826	3.715889	-0.946596	-0.181135	-0.266732	0.213190	0.268991	-0.939252	0.241880	-0.945957	-0.216010	0.140009	0.070620	0.040850	0	20	5	18	19	61	44	56	36	25	28	27	40	33	55	29	43	38	17	31	0	60	62	42	14	21	15	32	24	41	52	48	51	23	8	7	1	59	50	58	47	34	11	30	6	46	12	57	49	9	2	3	4	63	45	35	13	37	16	26	10	53	54	22	39	
170.037704	128.555878	14.605826	3.715889	-0.835040	0.377140	0.400593	-0.208283	0.457219	-0.864621	-0.509241	-0.805429	-0.303244	0.140009	0.070620	0.040850	32	53	29	31	45	34	18	14	38	57	36	48	58	0	1	2	3	55	23	46	35	33	24	27	25	63	62	26	39	4	15	5	6	47	22	52	54	30	17	12	16	60	51	56	41	7	13	8	9	40	44	28	43	42	20	32	37	59	49	61	50	10	19	11	21	
170.037704	128.555878	14.605826	3.715889	-0.835040	0.377140	0.400593	-0.521897	-0.773442	-0.359739	0.174163	-0.509464	0.842682	0.140009	0.070620	0.040850	32	45	55	34	23	26	33	25	21	28	63	40	62	0	1	2	3	27	41	46	44	31	42	37	20	57	58	52	49	4	5	24	19	32	54	43	36	15	30	38	18	47	56	59	35	6	7	8	9	51	48	53	22	14	29	16	17	60	61	39	50	10	11	12	13	
170.037704	128.555878	14.605826	3.715889	-0.835040	0.377140	0.400593	0.217240	-0.442930	0.869839	0.505485	0.813375	0.287934	0.140009	0.070620	0.040850	32	44	27	43	39	36	32	20	42	47	61	50	59	22	0	19	1	54	52	21	48	16	2	17	29	41	56	51	60	3	4	13	5	37	45	25	55	24	28	23	33	40	26	63	62	12	6	15	7	46	31	30	53	38	14	18	34	58	49	35	57	8	9	10	11	
170.037704	128.555878	14.605826	3.715889	-0.531286	0.584962	-0.612825	-0.617630	0.227690	0.752789	0.579887	0.778445	0.240322	0.140009	0.070620	0.040850	32	14	51	27	56	44	39	16	11	57	50	26	36	47	17	29	12	53	58	28	18	38	54	0	1	23	63	22	31	19	48	10	2	46	55	21	40	45	20	33	5	24	61	15	52	30	41	13	25	42	59	7	37	49	43	8	6	60	62	34	32	35	9	3	4	
170.037704	128.555878	14.605826	3.715889	-0.531286	0.584962	-0.612825	-0.847135	-0.375220	0.376260	-0.009846	0.719047	0.694892	0.140009	0.070620	0.040850	32	44	47	29	53	41	20	25	15	50	46	12	42	57	31	11	21	48	59	32	28	51	24	14	7	60	55	27	22	56	6	26	8	49	54	19	34	35	18	43	10	62	52	38	30	36	23	16	5	61	39	17	0	58	13	9	1	63	45	40	33	37	2	3	4	
15.389030	14.115574	16.640858	3.926905	-0.458255	0.831953	0.312820	-0.491712	-0.530481	0.690514	-0.740420	-0.162614	-0.652177	0.832682	0.168888	0.141595	0	57	28	31	36	41	24	20	54	33	2	48	49	18	21	44	56	37	52	35	53	19	42	30	25	55	27	38	32	43	47	11	7	60	10	12	14	13	26	5	62	63	8	6	34	16	9	4	40	58	39	45	1	50	29	51	15	59	3	46	23	0	17	22	61	
15.389030	14.115574	16.640858	3.926905	0.451536	0.443119	0.774442	0.849365	-0.479330	-0.220958	0.273303	0.757554	-0.592804	0.832682	0.168888	0.141595	32	4	26	8	44	39	55	38	59	62	32	56	51	29	9	7	6	40	25	33	20	52	57	19	27	58	21	63	17	14	12	3	16	49	18	5	15	61	41	43	10	34	48	35	37	53	45	28	0	46	42	1	50	23	13	36	24	54	60	47	30	31	11	2	22	
15.389030	14.115574	16.640858	3.926905	0.451536	0.443119	0.774442	0.801634	0.179651	-0.570183	-0.391788	0.878277	-0.274100	0.832682	0.168888	0.141595	32	1	15	38	27	10	50	56	60	52	63	55	34	9	25	18	16	11	39	5	51	6	58	19	41	49	57	62	8	12	32	20	2	26	13	24	47	29	54	23	53	42	22	46	61	7	31	0	44	14	17	37	48	45	33	40	21	35	59	30	43	28	36	3	4	
15.389030	14.115574	16.640858	3.926905	0.451536	0.443119	0.774442	0.235146	0.778180	-0.582359	-0.860710	0.445063	0.247179	0.832682	0.168888	0.141595	32	34	39	21	26	13	47	31	59	63	57	17	16	1	19	18	10	4	43	51	45	40	23	20	14	46	54	35	60	2	27	25	11	12	3	41	30	42	33	58	56	55	62	49	29	5	28	6	7	8	52	22	15	36	61	9	44	32	38	37	50	24	53	0	48	
15.389030	14.115574	16.640858	3.926905	0.451536	0.443119	0.774442	-0.807702	0.571795	0.143760	-0.379120	-0.690432	0.616094	0.832682	0.168888	0.141595	32	48	4	47	42	21	34	27	18	40	50	57	56	23	1	8	29	30	15	19	41	13	45	31	61	20	46	51	24	0	36	44	49	33	37	12	28	39	17	53	55	22	63	16	59	14	2	9	10	43	7	26	3	52	35	60	38	54	58	32	62	5	6	11	25	
15.389030	14.115574	16.640858	3.926905	0.451536	0.443119	0.774442	-0.891832	0.197486	0.406983	0.027400	-0.874440	0.484360	0.832682	0.168888	0.141595	32	54	20	43	18	10	49	7	34	46	31	61	38	12	5	33	14	28	8	15	50	27	25	53	56	57	41	39	37	21	1	48	44	29	9	35	47	42	6	60	19	2	62	36	58	17	3	23	24	45	22	13	4	59	40	55	32	30	51	52	63	11	0	16	26	
15.389030	14.115574	16.640858	3.926905	0.451536	0.443119	0.774442	-0.209200	0.896346	-0.390896	-0.867381	0.014491	0.497433	0.832682	0.168888	0.141595	32	11	23	49	38	5	3	48	59	63	55	2	50	8	24	9	22	26	4	53	32	46	42	16	19	28	29	45	61	14	20	6	34	25	1	41	7	52	33	56	51	54	60	30	58	10	18	13	15	17	39	40	12	27	43	44	57	47	35	62	31	0	21	37	36	
15.389030	14.115574	16.640858	3.926905	0.451536	0.443119	0.774442	-0.456506	-0.631025	0.627223	0.766627	-0.636752	-0.082644	0.832682	0.168888	0.141595	32	23	40	31	12	26	17	59	50	53	9	16	51	38	0	45	39	36	42	3	5	60	46	34	37	43	52	62	61	14	4	27	11	49	44	33	8	22	18	25	30	54	28	56	55	6	24	29	2	10	35	21	32	48	47	58	19	13	41	57	63	7	15	20	1	
14.232972	75.734520	16.036339	3.872864	-0.799740	0.491405	0.344871	-0.008873	-0.584067	0.811657	-0.600280	-0.646055	-0.471462	0.535899	0.270925	0.230584	0	48	13	32	45	30	37	18	58	52	47	50	35	4	62	29	9	33	19	40	41	61	16	36	34	55	53	46	42	44	17	1	0	43	7	27	39	25	24	22	54	60	6	63	2	8	31	12	11	51	56	20	49	38	21	3	10	59	5	57	28	15	26	14	23	
14.232972	75.734520	16.036339	3.872864	0.605325	0.052721	0.794230	0.794115	0.028222	-0.607111	-0.054422	0.998210	-0.024783	0.535899	0.270925	0.230584	32	10	50	6	8	29	54	21	48	58	63	22	20	12	24	7	17	14	36	15	34	59	41	57	32	52	47	44	62	11	1	5	0	35	56	46	33	37	42	45	18	55	51	43	3	25	13	30	19	40	61	49	16	38	31	28	23	60	53	39	4	9	2	27	26	
14.232972	75.734520	16.036339	3.872864	0.605325	0.052721	0.794230	0.436679	0.812249	-0.386734	-0.665502	0.580924	0.468653	0.535899	0.270925	0.230584	32	10	26	41	29	53	13	59	54	36	55	47	61	22	6	0	11	5	46	25	57	51	44	15	33	50	62	31	34	3	16	19	23	2	39	9	35	32	52	20	56	42	63	28	8	14	4	21	7	49	45	58	37	38	12	30	18	48	40	1	60	27	17	43	24	
13.298162	38.235279	17.734215	3.764410	-0.965198	0.231202	0.122225	-0.135436	-0.042096	-0.989891	0.223719	0.971995	-0.071944	0.421473	0.292841	0.138279	0	40	62	10	30	37	26	15	3	54	48	34	44	52	18	19	4	17	24	43	55	8	41	31	45	57	36	56	16	28	20	38	32	29	5	39	59	33	9	60	49	50	61	22	58	12	21	23	25	47	7	42	13	53	27	14	11	63	51	46	35	1	0	2	6	
13.298162	38.235279	17.734215	3.764410	0.832927	0.553051	-0.019179	0.382116	-0.549729	0.742823	0.400275	-0.626046	-0.669213	0.421473	0.292841	0.138279	32	20	14	33	24	17	31	51	43	58	48	52	9	3	13	37	30	57	27	16	19	39	54	46	47	61	59	29	42	7	10	0	11	35	53	62	25	4	36	22	8	41	45	34	6	28	50	40	38	44	18	49	12	21	60	26	23	63	56	55	32	1	5	2	15	
13.298162	38.235279	17.734215	3.764410	0.832927	0.553051	-0.019179	0.399732	-0.625264	-0.670268	-0.382684	0.550617	-0.741871	0.421473	0.292841	0.138279	32	16	57	19	27	46	39	47	54	29	61	42	59	0	7	11	10	49	44	12	18	26	21	23	60	55	63	32	56	1	2	15	5	33	20	24	14	51	17	43	31	52	58	9	48	37	3	30	13	62	35	25	53	22	4	8	36	34	41	6	45	40	28	38	50	
13.298162	38.235279	17.734215	3.764410	0.832927	0.553051	-0.019179	0.552934	-0.833147	-0.011416	-0.022293	-0.001096	-0.999751	0.421473	0.292841	0.138279	32	47	28	23	37	34	46	29	31	35	63	6	26	4	3	9	25	41	11	8	0	49	50	55	61	62	58	40	56	1	2	10	12	38	54	48	30	24	5	51	15	57	44	13	19	36	21	42	43	59	20	53	27	22	17	18	39	52	60	7	45	16	33	14	32	
13.298162	38.235279	17.734215	3.764410	0.832927	0.553051	-0.019179	-0.245181	0.399884	0.883164	0.496104	-0.730908	0.468672	0.421473	0.292841	0.138279	32	55	27	37	59	23	10	9	33	42	0	25	32	50	44	19	45	16	30	20	40	31	43	34	41	61	11	54	36	8	38	5	22	14	21	52	49	47	28	26	29	58	46	62	24	17	13	4	2	15	18	53	3	57	51	39	56	63	48	60	35	6	12	7	1	
13.298162	38.235279	17.734215	3.764410	-0.801883	-0.133284	0.582426	0.588601	-0.008773	0.808376	-0.102634	0.991039	0.085486	0.421473	0.292841	0.138279	32	58	21	33	10	24	17	43	47	59	52	9	11	22	32	51	36	31	5	12	0	63	60	13	18	40	46	55	61	28	45	7	35	44	41	29	42	16	38	20	56	15	26	48	25	19	27	37	49	34	23	1	2	62	57	3	30	54	39	14	4	53	50	8	6	
13.298162	38.235279	17.734215	3.764410	-0.801883	-0.133284	0.582426	-0.571864	-0.111167	-0.812781	0.173077	-0.984824	0.012923	0.421473	0.292841	0.138279	32	0	1	24	32	19	18	62	59	13	16	38	52	7	4	55	44	31	39	53	36	48	47	34	6	23	49	17	11	42	50	21	30	2	12	9	27	25	8	61	63	60	54	43	29	41	3	40	37	10	22	28	57	46	45	15	26	14	5	58	56	35	51	33	20	
13.298162	38.235279	17.734215	3.764410	0.587848	-0.781033	-0.210765	0.798649	0.601791	-0.002536	0.128817	-0.166837	0.977533	0.421473	0.292841	0.138279	32	51	49	17	40	26	31	23	42	19	60	4	21	48	32	36	14	55	57	13	53	16	11	34	29	59	35	38	22	37	7	47	24	33	56	54	43	41	18	39	27	28	45	44	25	8	6	61	52	62	20	12	2	46	9	15	3	58	63	0	1	30	50	10	5	
28.480457	156.184738	17.350645	3.616266	-0.556048	0.295189	0.776965	0.024840	0.940291	-0.339464	-0.830779	-0.169458	-0.530179	0.572469	0.275930	0.203526	0	52	10	23	34	21	5	22	61	17	24	57	35	9	49	42	46	18	37	1	32	7	55	15	50	59	56	4	33	25	6	36	40	53	11	45	27	26	12	29	60	58	41	63	20	28	14	38	13	31	16	54	3	51	0	43	8	47	39	62	48	2	19	30	44	
28.480457	156.184738	17.350645	3.616266	0.587337	-0.185684	0.787754	0.562438	0.793537	-0.232297	-0.581978	0.579500	0.570510	0.572469	0.275930	0.203526	32	51	21	11	24	19	38	28	58	36	59	34	63	0	30	3	27	14	16	13	40	18	61	23	49	55	52	57	35	41	22	7	15	2	6	26	50	1	25	60	31	56	54	53	37	4	9	20	17	43	32	8	12	33	45	42	44	39	48	46	62	5	47	10	29	
28.480457	156.184738	17.350645	3.616266	0.587337	-0.185684	0.787754	0.653552	-0.465307	-0.596958	0.477393	0.865454	-0.151938	0.572469	0.275930	0.203526	32	8	50	4	26	25	43	2	61	59	34	55	49	10	11	6	22	23	32	51	3	33	60	13	27	56	63	21	48	28	37	0	1	36	12	31	9	44	45	40	41	46	62	42	47	38	24	7	16	18	35	17	15	58	53	5	29	54	30	57	52	19	20	39	14	
28.480457	156.184738	17.350645	3.616266	0.587337	-0.185684	0.787754	-0.774919	0.151827	0.613555	-0.233530	-0.970809	-0.054717	0.572469	0.275930	0.203526	32	29	15	27	44	28	0	56	51	40	55	42	60	4	36	39	30	12	24	31	18	41	34	38	47	53	50	57	23	33	5	11	14	16	43	22	20	10	35	61	26	63	46	59	52	2	1	19	7	25	17	48	13	62	3	49	6	37	54	45	58	32	9	21	8	
28.480457	156.184738	17.350645	3.616266	0.587337	-0.185684	0.787754	0.752735	0.482939	-0.447392	-0.297364	0.855740	0.423419	0.572469	0.275930	0.203526	32	35	5	44	37	8	33	17	59	60	55	28	54	0	32	3	38	16	11	22	27	30	63	39	34	50	40	57	61	15	29	21	12	1	4	19	52	10	24	51	42	43	45	58	53	6	9	14	13	49	31	2	23	36	48	18	41	56	46	20	62	25	47	7	26	
28.480457	156.184738	17.350645	3.616266	0.587337	-0.185684	0.787754	-0.552910	-0.802846	0.223000	0.591038	-0.566533	-0.574208	0.572469	0.275930	0.203526	32	12	10	32	36	42	43	46	33	62	45	48	38	28	16	47	5	51	27	6	3	31	60	24	0	39	52	56	55	20	17	8	4	41	15	19	13	49	22	61	14	37	57	53	54	11	7	21	44	25	9	23	50	58	26	40	18	63	34	59	35	29	1	30	2	
28.480457	156.184738	17.350645	3.616266	0.587337	-0.185684	0.787754	0.797807	-0.030916	-0.602120	0.136159	0.982123	0.129982	0.572469	0.275930	0.203526	32	11	44	31	17	4	42	2	62	60	43	53	28	10	36	7	35	29	25	39	14	23	61	40	8	45	57	51	63	9	19	3	6	13	37	24	21	41	38	34	46	27	58	50	56	12	18	5	16	47	15	22	30	49	55	0	32	59	52	54	26	33	48	20	1	
39.889248	166.499451	17.779720	3.870442	-0.381037	-0.073179	-0.921659	-0.031071	-0.995286	0.091870	-0.924038	0.063643	0.376967	0.377063	0.213575	0.164328	0	30	24	54	19	46	4	55	36	44	49	62	32	22	5	28	2	45	39	6	17	7	57	15	41	26	52	53	38	20	37	31	3	61	13	33	58	9	34	8	51	40	48	60	35	23	12	43	21	63	0	56	10	11	14	18	25	59	1	50	29	42	27	16	47	
39.889248	166.499451	17.779720	3.870442	0.401752	0.394932	0.826211	0.440058	-0.874484	0.204025	0.803084	0.281613	-0.525119	0.377063	0.213575	0.164328	32	48	49	27	13	5	34	36	53	52	61	37	18	25	10	7	9	12	55	43	24	57	45	44	23	58	8	51	56	39	4	29	11	19	40	46	2	38	35	59	3	63	41	28	30	31	15	17	1	33	62	47	16	21	22	42	0	26	54	6	60	32	50	14	20	
39.889248	166.499451	17.779720	3.870442	0.401752	0.394932	0.826211	0.349721	0.767672	-0.537005	-0.846339	0.504686	0.170298	0.377063	0.213575	0.164328	32	51	6	24	63	25	35	0	52	9	54	30	60	11	37	32	26	49	34	15	40	39	55	1	17	59	31	61	38	23	21	4	27	3	12	44	46	53	36	50	47	57	45	42	56	13	8	10	20	33	29	22	16	58	43	28	5	41	48	19	62	14	7	2	18	
39.889248	166.499451	17.779720	3.870442	0.401752	0.394932	0.826211	0.860473	-0.471515	-0.193027	0.313339	0.788481	-0.529260	0.377063	0.213575	0.164328	32	13	41	5	43	40	46	51	52	48	56	59	45	6	25	12	11	8	63	53	20	16	50	31	0	55	61	9	35	34	29	10	26	27	22	32	15	42	3	57	30	44	62	47	24	7	21	14	2	37	39	49	17	58	18	33	1	38	36	60	54	28	23	19	4	
11.862689	41.450672	18.816259	3.770839	-0.997191	0.072407	-0.019183	-0.024897	-0.078868	0.996574	-0.070646	-0.994252	-0.080449	0.339893	0.241726	0.139458	0	39	53	17	23	29	41	22	43	37	57	50	49	8	30	27	40	2	18	31	51	38	25	61	19	58	54	42	32	45	10	5	20	47	21	44	62	13	15	46	26	63	59	36	0	28	34	24	7	33	14	35	55	52	6	12	16	56	11	60	48	9	1	4	3	
11.862689	41.450672	18.816259	3.770839	0.601593	-0.798276	-0.028998	0.786492	0.585583	0.196273	-0.139700	-0.140883	0.980120	0.339893	0.241726	0.139458	32	40	41	51	42	6	16	47	39	26	55	7	43	20	49	29	56	37	62	5	25	18	19	31	14	63	58	17	12	30	3	15	27	33	50	10	22	46	44	28	23	21	48	57	53	13	8	60	45	54	38	24	36	34	11	35	0	61	59	1	2	52	32	4	9	
11.862689	41.450672	18.816259	3.770839	0.581118	0.043874	-0.812636	0.805363	0.112568	0.581995	0.117011	-0.992675	0.030081	0.339893	0.241726	0.139458	32	24	50	39	22	28	15	35	53	60	37	47	21	44	3	30	10	58	9	38	0	29	46	11	27	62	56	1	16	20	51	2	7	55	12	48	31	52	34	32	13	14	40	49	61	33	41	23	8	36	57	26	17	45	54	25	43	59	63	19	6	42	18	4	5	
11.862689	41.450672	18.816259	3.770839	0.581118	0.043874	-0.812636	-0.812987	-0.013857	-0.582117	-0.036801	0.998941	0.027616	0.339893	0.241726	0.139458	32	0	37	53	35	49	30	52	45	8	26	63	57	4	7	17	39	34	40	23	56	18	20	25	50	60	55	38	22	9	21	43	32	3	33	14	59	24	10	46	29	12	1	61	62	6	2	51	11	27	41	42	31	54	28	15	36	19	44	47	58	13	16	5	48	
17.402237	112.601685	18.393698	3.673172	-0.854577	0.516474	0.054338	0.118414	0.091912	0.988701	-0.505645	-0.851355	0.139704	0.301867	0.097900	0.039995	0	41	51	23	42	9	54	21	27	20	22	59	58	13	8	29	19	15	12	55	52	30	33	48	39	60	43	53	31	0	10	26	11	49	25	62	28	14	32	17	16	61	36	56	38	34	1	2	3	35	37	47	24	45	40	46	18	57	50	63	44	4	5	6	7	
17.402237	112.601685	18.393698	3.673172	0.829813	-0.029081	0.557283	0.557803	0.014064	-0.829854	0.016295	0.999478	0.027892	0.301867	0.097900	0.039995	32	27	32	20	46	48	31	26	22	25	55	49	62	0	17	1	2	34	40	28	45	44	47	12	21	60	61	30	42	3	4	5	13	33	18	41	39	36	24	43	52	57	58	37	56	11	16	15	6	35	51	29	53	23	38	14	19	63	59	50	54	7	8	9	10	
17.402237	112.601685	18.393698	3.673172	0.829813	-0.029081	0.557283	-0.446797	-0.632937	0.632268	0.334338	-0.773657	-0.538213	0.301867	0.097900	0.039995	32	45	44	42	26	22	50	36	0	54	52	63	39	1	13	2	3	21	35	46	37	14	41	28	47	51	55	57	24	23	15	20	4	56	48	29	19	30	5	49	6	43	60	62	58	18	7	8	9	27	32	40	25	16	31	53	33	34	59	61	38	10	17	11	12	
17.402237	112.601685	18.393698	3.673172	0.829813	-0.029081	0.557283	-0.549920	-0.212368	0.807768	0.094858	-0.976757	-0.192218	0.301867	0.097900	0.039995	32	49	35	51	36	27	10	39	17	50	53	63	58	0	1	2	3	26	43	13	45	33	52	21	40	48	54	59	41	9	14	20	15	56	24	38	28	22	12	55	29	44	37	62	61	16	4	5	6	42	25	30	23	19	32	34	46	60	57	47	31	7	18	11	8	
17.766119	120.248528	18.797356	3.935885	-0.859543	0.508051	-0.055413	0.023167	0.147050	0.988858	-0.510539	-0.848682	0.138165	0.376023	0.110756	0.054051	0	19	22	57	41	35	20	49	29	60	37	58	21	9	8	15	4	51	40	39	16	33	48	10	30	25	31	62	27	13	7	46	28	24	34	50	18	32	26	44	23	54	55	63	52	0	1	2	3	56	12	59	14	11	42	45	47	61	17	53	38	5	36	6	43	
17.766119	120.248528	18.797356	3.935885	0.826024	0.013740	0.563467	0.562678	0.038131	-0.825797	-0.032832	0.999178	0.023766	0.376023	0.110756	0.054051	32	32	17	37	36	28	21	43	48	56	62	29	53	0	15	1	2	47	46	39	42	24	27	11	14	57	63	38	58	3	4	5	6	18	23	19	35	50	40	25	49	55	60	54	52	20	30	12	7	51	22	33	44	45	34	10	26	31	59	41	61	8	16	9	13	
17.766119	120.248528	18.797356	3.935885	0.826024	0.013740	0.563467	-0.559086	-0.106777	0.822205	0.071463	-0.994188	-0.080519	0.376023	0.110756	0.054051	32	44	31	24	48	26	11	34	46	61	42	58	32	16	8	15	14	36	22	20	19	56	23	40	49	51	54	60	53	0	9	30	21	38	39	52	43	17	10	28	12	59	41	63	55	1	2	3	4	33	37	18	27	45	50	25	29	47	35	62	57	5	6	13	7	
17.766119	120.248528	18.797356	3.935885	0.826024	0.013740	0.563467	0.429030	-0.663670	-0.612760	0.365537	0.747899	-0.554103	0.376023	0.110756	0.054051	32	28	38	10	41	32	54	13	46	61	48	23	51	15	11	14	0	34	43	12	42	47	24	30	44	63	60	40	52	1	2	3	4	27	37	31	29	58	25	36	20	55	39	59	57	35	17	22	16	53	21	49	45	33	7	19	26	56	62	18	50	9	8	5	6	
16.200048	145.684357	18.886543	3.900373	-0.304283	0.930043	-0.205992	-0.041666	0.203044	0.978283	-0.951670	-0.306258	0.023032	0.568950	0.300794	0.153367	0	59	26	36	16	28	24	10	55	46	12	41	18	22	14	8	63	2	62	7	23	9	49	35	50	51	52	40	0	45	4	29	37	34	47	58	11	39	25	30	20	61	48	56	33	13	21	6	3	17	42	60	27	53	15	54	1	19	43	44	38	32	5	57	31	
16.200048	145.684357	18.886543	3.900373	0.598930	0.021382	0.800516	0.793735	0.116650	-0.596973	-0.106145	0.992943	0.052893	0.568950	0.300794	0.153367	32	14	16	31	36	39	27	30	38	17	34	42	54	33	12	10	35	43	47	23	1	8	63	18	57	56	60	53	59	4	13	2	5	9	25	46	62	51	21	6	29	7	50	61	45	44	3	20	49	28	22	11	40	48	52	37	41	58	32	26	15	19	55	0	24	
16.200048	145.684357	18.886543	3.900373	0.598930	0.021382	0.800516	-0.800447	0.045738	0.597657	-0.023835	-0.998725	0.044510	0.568950	0.300794	0.153367	32	46	14	25	22	48	40	41	45	19	33	28	57	15	1	53	31	61	32	24	7	18	5	27	60	59	56	38	10	52	17	9	34	0	26	37	51	47	6	63	29	55	50	58	62	2	3	13	11	44	30	23	12	43	20	16	49	54	36	39	21	35	8	4	42	
13.962042	23.669853	20.260370	3.848260	0.224477	-0.253820	-0.940843	0.602663	-0.722543	0.338717	-0.765773	-0.643045	-0.009226	0.330234	0.312605	0.169150	0	26	62	32	8	25	6	47	0	58	44	31	39	29	22	4	14	42	59	51	50	18	2	13	24	53	48	60	7	17	1	55	19	12	36	41	35	21	28	52	11	34	5	45	20	46	33	27	61	63	57	23	30	49	9	16	15	43	38	40	3	56	54	10	37	
13.962042	23.669853	20.260370	3.848260	-0.155665	-0.796427	0.584356	0.010015	0.590264	0.807148	-0.987759	0.131496	-0.083907	0.330234	0.312605	0.169150	32	54	48	27	3	18	7	17	46	0	63	38	45	4	33	42	20	1	43	9	40	55	52	41	31	28	53	25	32	56	29	14	11	30	47	16	37	5	50	35	62	57	61	2	24	26	34	8	21	59	51	22	23	36	60	10	15	19	49	6	39	44	58	12	13	
13.962042	23.669853	20.260370	3.848260	-0.155665	-0.796427	0.584356	0.177505	-0.604491	-0.776584	0.971731	-0.017161	0.235467	0.330234	0.312605	0.169150	32	29	5	58	54	13	27	63	16	51	10	48	14	11	19	59	33	28	15	52	36	60	42	47	4	26	6	62	43	30	3	44	22	53	17	39	9	25	35	49	50	38	12	45	32	23	1	21	57	2	20	56	37	40	34	24	8	41	46	61	0	18	55	31	7	
13.962042	23.669853	20.260370	3.848260	-0.155665	-0.796427	0.584356	0.798263	0.247026	0.549321	-0.581845	0.551980	0.597306	0.330234	0.312605	0.169150	32	61	3	45	13	28	43	11	55	63	27	7	8	41	38	5	26	50	16	14	4	46	33	18	44	37	30	15	60	17	1	36	62	58	42	12	6	57	34	0	49	47	56	21	54	23	29	2	32	40	52	39	59	51	19	31	10	35	24	9	22	53	20	48	25	
13.962042	23.669853	20.260370	3.848260	0.015320	0.601340	0.798846	-0.031200	-0.798263	0.601500	0.999396	-0.034139	0.006533	0.330234	0.312605	0.169150	32	42	27	54	0	40	7	61	25	47	59	62	30	9	22	17	4	50	60	35	39	21	19	20	6	52	23	51	44	36	10	12	13	41	57	8	15	5	37	46	11	55	1	53	49	45	18	32	33	63	2	24	3	43	38	28	48	58	26	34	56	31	29	16	14	
13.962042	23.669853	20.260370	3.848260	0.015320	0.601340	0.798846	0.205698	0.779956	-0.591065	-0.978496	0.173376	-0.111746	0.330234	0.312605	0.169150	32	2	33	0	63	38	16	41	47	56	27	26	54	17	15	21	36	13	8	53	48	20	46	25	6	58	45	1	43	42	31	4	39	18	35	52	62	9	19	3	30	44	59	23	49	12	14	7	40	5	51	29	50	37	61	22	34	32	57	60	55	10	11	24	28	
10.675224	65.658058	21.347944	3.912465	-0.750341	0.656733	0.075434	0.027032	-0.083534	0.996138	-0.660498	-0.749483	-0.044926	0.442911	0.302292	0.149781	0	11	50	58	55	21	1	44	29	51	57	28	26	22	45	32	35	40	53	41	27	36	38	12	33	34	52	60	31	20	10	42	46	19	25	30	23	59	47	37	24	63	54	61	14	3	16	0	7	4	18	48	43	49	13	39	6	56	15	62	17	8	2	5	9	
10.675224	65.658058	21.347944	3.912465	0.793339	-0.009113	0.608712	-0.608009	0.038457	0.792998	-0.030636	-0.999219	0.024968	0.442911	0.302292	0.149781	32	20	7	38	32	36	34	54	59	49	30	43	62	0	12	5	27	25	17	28	51	37	50	2	23	61	40	46	14	11	13	1	4	44	22	45	26	24	53	42	33	57	63	47	52	10	16	18	35	55	15	56	19	39	48	21	9	29	60	31	58	3	41	6	8	
10.675224	65.658058	21.347944	3.912465	0.793339	-0.009113	0.608712	0.602038	0.160147	-0.782243	-0.090355	0.987051	0.132537	0.442911	0.302292	0.149781	32	13	48	26	57	10	33	54	30	62	37	59	34	9	16	41	1	27	35	36	29	42	38	56	18	51	44	63	46	40	17	15	12	50	45	25	20	14	4	53	19	11	39	49	60	3	5	24	7	28	43	2	21	52	58	31	32	55	61	23	47	22	8	6	0	
14.427007	124.798950	21.557718	3.669528	-0.744668	0.598362	-0.295691	-0.049237	0.392569	0.918404	-0.665617	-0.698464	0.262872	0.507103	0.214572	0.096724	0	25	3	47	26	48	29	37	54	56	50	58	39	2	35	31	22	12	15	51	43	14	49	28	13	61	20	59	8	16	33	9	45	44	11	41	17	30	7	60	32	52	38	63	42	1	4	18	5	40	23	53	27	10	21	57	24	62	46	36	55	0	34	6	19	
14.427007	124.798950	21.557718	3.669528	0.804112	0.146964	0.576026	-0.471329	-0.432898	0.768406	0.362289	-0.889382	-0.278830	0.507103	0.214572	0.096724	32	51	38	37	10	11	25	28	52	59	50	54	58	8	13	14	20	45	33	27	5	48	29	31	22	49	53	35	40	39	18	16	30	24	43	15	46	19	26	55	47	57	62	63	23	0	1	21	3	32	34	41	7	56	36	44	9	60	42	61	17	12	6	2	4	
14.427007	124.798950	21.557718	3.669528	0.804112	0.146964	0.576026	0.593129	-0.133108	-0.794028	-0.040020	0.980145	-0.194203	0.507103	0.214572	0.096724	32	27	29	26	50	16	44	7	53	36	55	23	60	0	12	25	31	24	17	34	54	51	30	21	57	45	62	40	61	11	1	2	3	20	48	5	37	43	33	22	39	59	41	38	49	35	6	18	14	8	47	10	52	56	32	28	9	58	46	42	63	19	13	15	4	
20.285013	164.444183	21.002998	3.765177	-0.445941	0.429364	0.785356	-0.231146	-0.902912	0.362383	0.864701	-0.019931	0.501891	0.537558	0.307183	0.250332	0	39	27	28	21	46	13	58	45	14	31	44	26	36	61	22	20	29	17	3	62	63	19	25	16	34	60	38	40	48	42	55	35	8	43	10	41	37	15	59	4	50	7	56	2	32	1	54	0	24	5	49	47	51	6	52	18	30	57	23	11	9	33	53	12	
20.285013	164.444183	21.002998	3.765177	0.574591	0.786672	-0.225814	-0.596901	0.591561	0.542001	0.559960	-0.176640	0.809471	0.537558	0.307183	0.250332	32	55	17	5	37	58	32	36	40	20	48	21	63	25	61	35	39	10	0	42	34	51	59	14	26	47	9	50	38	54	27	13	22	49	31	43	30	52	7	46	6	28	53	45	41	44	23	19	1	16	29	18	56	62	2	11	3	33	15	8	57	60	12	24	4	
20.285013	164.444183	21.002998	3.765177	0.574591	0.786672	-0.225814	0.575146	-0.584406	-0.572431	-0.582283	0.199037	-0.788246	0.537558	0.307183	0.250332	32	52	28	27	17	1	9	2	63	56	13	14	31	4	18	15	60	35	36	29	50	5	47	8	53	44	40	54	25	3	23	16	41	42	43	0	7	21	6	59	51	26	55	11	46	22	10	33	49	30	12	20	57	39	38	32	58	62	37	48	19	34	45	61	24	
20.285013	164.444183	21.002998	3.765177	0.574591	0.786672	-0.225814	-0.586019	0.202843	-0.784497	-0.571338	0.583096	0.577557	0.537558	0.307183	0.250332	32	29	35	50	36	9	5	53	48	54	46	21	38	16	3	41	25	20	30	57	12	33	39	58	37	47	63	19	40	61	34	26	44	27	52	17	28	2	1	62	8	14	55	32	13	15	4	60	18	0	42	7	43	59	22	51	6	11	23	45	56	31	24	49	10	
20.285013	164.444183	21.002998	3.765177	0.574591	0.786672	-0.225814	0.779033	-0.441112	0.445564	0.250904	-0.431934	-0.866303	0.537558	0.307183	0.250332	32	60	9	21	0	30	36	3	61	50	40	22	32	29	25	27	46	45	23	10	53	1	62	4	5	18	31	55	17	12	58	6	24	14	41	35	26	7	56	42	54	63	28	59	2	57	11	15	52	20	16	39	13	48	47	33	44	38	43	51	49	8	37	19	34	
20.285013	164.444183	21.002998	3.765177	0.589918	-0.532432	-0.607053	0.246073	-0.597499	0.763180	-0.769054	-0.599593	-0.221458	0.537558	0.307183	0.250332	32	8	49	30	59	11	41	6	38	29	27	31	55	61	42	53	45	32	0	1	7	63	51	16	14	10	44	12	24	58	43	5	18	13	17	36	23	62	28	40	2	26	35	54	56	21	50	9	57	3	15	39	52	60	22	4	20	48	19	47	33	46	25	37	34	
20.285013	164.444183	21.002998	3.765177	0.589918	-0.532432	-0.607053	-0.576043	-0.804334	0.145679	-0.565837	0.263750	-0.781194	0.537558	0.307183	0.250332	32	5	17	56	7	19	62	2	25	6	11	53	41	18	45	50	22	1	3	57	21	4	63	24	14	13	49	37	32	10	52	27	44	31	8	26	51	29	47	16	48	35	42	61	43	60	38	46	20	33	9	23	39	59	54	0	12	40	34	36	15	30	55	28	58	
20.285013	164.444183	21.002998	3.765177	0.589918	-0.532432	-0.607053	0.557018	0.812615	-0.171430	0.584575	-0.237010	0.775950	0.537558	0.307183	0.250332	32	41	23	8	32	9	0	52	59	14	37	33	40	58	26	57	29	50	22	12	28	47	11	49	36	42	62	46	35	20	44	31	60	27	56	1	2	15	25	63	3	34	38	48	18	45	21	54	10	6	55	17	7	30	4	61	19	39	53	13	5	24	51	43	16	
20.285013	164.444183	21.002998	3.765177	0.589918	-0.532432	-0.607053	-0.247799	0.596151	-0.763675	0.768500	0.600933	0.219744	0.537558	0.307183	0.250332	32	52	38	15	3	20	4	22	60	33	47	18	48	34	36	26	46	24	39	17	11	2	40	28	62	55	56	35	23	57	9	50	21	7	1	0	32	14	16	51	63	25	13	44	10	19	5	43	58	59	30	49	8	37	6	41	12	54	31	27	29	45	53	42	61	
20.285013	164.444183	21.002998	3.765177	-0.787095	0.215349	0.578019	0.405630	-0.525258	0.748043	0.464700	0.823243	0.326076	0.537558	0.307183	0.250332	32	36	6	20	35	49	31	62	60	40	56	10	44	33	19	1	26	47	45	9	37	13	53	23	27	32	59	51	12	2	5	41	22	50	58	38	39	43	46	61	17	48	14	42	15	18	25	30	52	34	55	29	21	28	3	54	8	57	63	11	16	7	4	24	0	
20.285013	164.444183	21.002998	3.765177	-0.787095	0.215349	0.578019	-0.455745	0.428442	-0.780214	-0.415666	-0.877532	-0.239080	0.537558	0.307183	0.250332	32	18	36	51	23	5	58	2	35	29	9	63	47	0	31	7	6	41	33	59	48	28	60	46	44	22	34	16	56	52	26	13	17	37	10	49	43	15	32	50	20	11	53	61	24	19	42	8	1	27	25	12	40	55	62	21	54	45	4	57	38	30	3	14	39	
20.285013	164.444183	21.002998	3.765177	-0.787095	0.215349	0.578019	-0.609340	-0.125843	-0.782859	-0.095848	-0.968395	0.230271	0.537558	0.307183	0.250332	32	2	47	28	42	0	55	18	60	15	4	63	25	33	32	10	26	54	48	31	11	61	57	45	41	38	40	36	56	49	9	17	20	30	3	58	29	1	5	53	24	8	6	62	46	16	52	19	23	35	14	37	27	34	51	50	44	59	12	43	7	22	13	21	39	
162.824738	21.558167	22.746756	3.774585	-0.455987	0.744735	0.487284	-0.833108	-0.164587	-0.528056	0.313061	0.646746	-0.695494	0.395278	0.215355	0.162670	0	13	14	31	51	12	9	49	59	26	43	32	53	11	3	48	35	18	16	34	45	15	37	30	52	58	55	39	5	22	7	4	25	38	0	44	46	8	54	63	41	23	27	57	47	24	6	61	19	20	10	42	2	62	60	36	17	56	50	21	33	40	29	28	1	
162.824738	21.558167	22.746756	3.774585	-0.373384	-0.788269	0.489097	0.582821	0.210856	0.784767	-0.721737	0.578076	0.380690	0.395278	0.215355	0.162670	32	13	20	58	12	48	52	38	28	53	22	61	41	0	7	39	23	17	9	29	8	45	60	44	16	62	59	10	49	21	15	3	25	18	32	27	43	11	37	31	57	47	54	51	30	35	4	26	33	24	36	6	5	56	46	55	19	50	34	40	63	2	14	42	1	
162.824738	21.558167	22.746756	3.774585	-0.373384	-0.788269	0.489097	-0.801067	0.008082	-0.598521	0.467842	-0.615278	-0.634474	0.395278	0.215355	0.162670	32	19	13	42	24	10	41	52	60	62	25	33	47	4	12	14	21	30	22	39	51	50	44	26	34	35	58	48	55	31	37	5	15	9	18	3	11	38	49	59	54	20	28	53	63	7	0	17	29	27	61	1	8	36	43	6	46	56	57	16	45	32	23	40	2	
162.824738	21.558167	22.746756	3.774585	-0.373384	-0.788269	0.489097	0.191541	-0.581376	-0.790768	0.907687	-0.201578	0.368062	0.395278	0.215355	0.162670	32	16	10	61	24	15	31	44	49	54	42	46	53	1	29	3	50	0	43	13	59	7	47	27	39	19	56	48	37	57	30	4	20	18	26	38	35	41	12	58	45	52	60	36	25	14	9	34	5	6	11	22	17	51	40	62	32	28	33	63	55	8	23	21	2	
162.824738	21.558167	22.746756	3.774585	-0.373384	-0.788269	0.489097	-0.175984	0.577842	0.796949	-0.910831	0.211495	-0.354480	0.395278	0.215355	0.162670	32	12	18	11	7	32	62	41	51	54	63	39	28	1	23	19	9	35	38	26	22	46	59	13	40	25	36	58	53	5	33	6	20	60	14	43	0	34	27	47	8	37	48	55	24	15	4	30	57	21	61	10	17	50	45	31	16	52	44	42	56	49	3	29	2	
15.592233	34.606731	24.711981	3.632395	-0.758916	0.640009	-0.120141	-0.459974	-0.396271	0.794603	-0.460945	-0.658299	-0.595124	0.237274	0.083926	0.050871	0	24	19	42	31	52	18	58	53	38	45	50	57	15	40	9	29	51	20	49	36	25	35	55	33	59	60	32	37	12	13	0	7	43	16	44	47	39	17	27	56	63	14	46	23	1	22	10	34	61	11	2	26	48	30	8	21	62	28	54	41	3	4	5	6	
15.592233	34.606731	24.711981	3.632395	0.649000	0.456151	0.608872	0.747834	-0.235436	-0.620737	-0.139800	0.858193	-0.493923	0.237274	0.083926	0.050871	32	27	22	15	25	48	55	36	40	46	61	38	57	0	13	1	9	19	51	49	30	28	52	24	39	45	63	47	53	34	20	12	10	21	35	32	37	31	59	41	43	44	58	54	26	2	3	11	4	60	50	17	23	33	16	18	42	62	56	29	5	14	6	7	8	
