# featExtract 1.1
# Extraction Voxel Resolution (ijk) : 72 60 60
# Extraction Voxel Size (mm)  (ijk) : 1.000000 1.000000 1.000000
# Feature Coordinate Space: voxels
Features: 11
Scale-space location[x y z scale] orientation[o11 o12 o13 o21 o22 o23 o31 o32 o32] 2nd moment eigenvalues[e1 e2 e3] info flag[i1] descriptor[d1 .. d64]
29.569252	21.372644	30.500040	6.399671	0.000001	-0.036295	-0.999341	0.000002	-0.999341	0.036295	-1.000000	-0.000002	-0.000001	0.375576	0.347236	0.312164	0	41	37	0	1	2	3	4	5	51	40	6	7	50	39	8	9	54	43	47	38	10	11	12	13	62	49	55	42	59	46	58	45	36	44	14	15	16	17	18	19	20	53	21	22	23	52	24	25	26	56	27	48	28	29	30	31	32	63	33	57	34	61	35	60	
29.569252	21.372644	30.500040	6.399671	0.592842	0.805319	-0.000002	0.805319	-0.592842	-0.000004	-0.000004	0.000001	-1.000000	0.375576	0.347236	0.312164	32	53	36	0	1	2	3	4	5	61	6	7	8	59	9	10	11	43	35	52	12	13	14	15	16	56	17	63	18	49	19	46	20	41	51	21	22	23	24	25	26	55	60	27	28	47	58	29	30	37	40	42	50	31	32	33	34	44	54	57	62	38	48	39	45	
29.569252	21.372644	30.500040	6.399671	0.592842	0.805319	-0.000002	-0.805319	0.592842	-0.000058	-0.000045	0.000036	1.000000	0.375576	0.347236	0.312164	32	50	38	41	33	0	1	2	3	62	57	55	43	44	37	48	36	4	5	51	39	6	7	8	9	10	11	60	54	12	13	58	45	35	52	14	42	15	16	17	18	32	63	19	56	20	47	21	49	22	23	34	53	24	25	26	27	28	29	46	61	30	31	40	59	
43.429443	21.373348	30.500040	6.399964	0.000002	-0.035307	-0.999376	-0.000003	0.999376	-0.035307	1.000000	0.000003	0.000001	0.375688	0.347310	0.312231	0	50	39	0	1	51	40	2	3	4	5	6	7	41	37	8	9	59	46	58	45	62	49	55	42	10	11	12	13	54	43	47	38	14	52	15	16	35	53	17	18	19	20	21	22	36	44	23	24	25	61	26	60	27	63	28	57	29	30	31	32	33	56	34	48	
43.429443	21.373348	30.500040	6.399964	-0.592860	0.805305	-0.000002	-0.805305	-0.592860	-0.000004	-0.000004	-0.000001	1.000000	0.375688	0.347310	0.312231	32	51	40	0	1	2	3	4	5	60	55	6	7	58	47	8	9	41	37	50	42	10	11	12	13	54	44	62	57	48	38	45	39	36	53	14	15	16	17	18	19	20	61	21	22	23	59	24	25	35	43	34	52	26	27	28	29	30	56	31	63	32	49	33	46	
43.429443	21.373348	30.500040	6.399964	-0.592860	0.805305	-0.000002	0.805305	0.592860	-0.000056	-0.000044	-0.000034	-1.000000	0.375688	0.347310	0.312231	32	52	35	42	0	1	2	3	4	63	32	56	5	47	6	49	7	8	9	53	34	10	11	12	13	14	15	61	46	16	17	59	40	38	50	33	41	18	19	20	21	57	62	43	55	37	44	36	48	22	23	39	51	24	25	26	27	28	29	54	60	30	31	45	58	
36.499828	39.560406	30.499596	6.420711	-0.000000	-0.000048	-1.000000	0.000096	-1.000000	0.000048	-1.000000	-0.000096	0.000000	0.362802	0.346979	0.301878	0	55	0	61	1	2	3	59	4	5	6	7	8	54	9	63	10	11	12	50	13	14	15	43	16	17	18	38	19	20	21	53	22	45	52	56	60	23	24	47	57	25	26	27	28	44	51	58	62	29	30	42	48	31	32	40	41	33	34	35	39	36	37	46	49	
36.499828	39.560406	30.499596	6.420711	0.588379	-0.808586	0.000014	-0.808586	-0.588379	0.000057	-0.000038	-0.000045	-1.000000	0.362802	0.346979	0.301878	32	45	34	0	1	2	3	4	5	59	38	6	7	48	39	8	9	53	10	49	11	12	13	14	15	63	16	62	17	57	35	55	18	36	44	19	20	21	22	23	24	43	58	25	26	27	51	28	29	41	52	37	46	30	31	32	33	50	61	47	60	40	56	42	54	
36.499828	39.560406	30.499596	6.420711	-0.588389	-0.808578	0.000014	0.808578	-0.588389	0.000057	-0.000038	0.000045	1.000000	0.362802	0.346979	0.301878	32	44	36	0	1	2	3	4	5	58	43	6	7	51	8	9	10	52	41	46	37	11	12	13	14	61	50	60	47	56	40	54	42	34	45	15	16	17	18	19	20	38	59	21	22	39	48	23	24	25	53	26	49	27	28	29	30	31	63	32	62	35	57	33	55	
36.499828	39.560406	30.499596	6.420711	-0.000015	-0.810381	-0.585903	-0.000025	-0.585903	0.810381	-1.000000	0.000027	-0.000011	0.362802	0.346979	0.301878	32	44	36	0	1	2	3	4	5	59	37	6	7	52	8	9	10	53	35	49	33	11	12	13	14	63	15	62	16	58	17	55	18	34	45	19	20	21	22	23	24	43	57	25	26	40	47	27	28	39	51	38	46	29	30	31	32	50	61	48	60	42	56	41	54	
36.499828	39.560406	30.499596	6.420711	-0.000015	-0.810397	0.585881	-0.000025	-0.585882	-0.810397	1.000000	-0.000027	-0.000011	0.362802	0.346979	0.301878	32	45	34	0	1	2	3	4	5	57	43	6	7	47	40	8	9	51	39	46	38	10	11	12	13	61	50	60	48	56	42	54	41	36	44	14	15	16	17	18	19	37	59	20	21	22	52	23	24	35	53	33	49	25	26	27	28	29	63	30	62	31	58	32	55	
