# featExtract 1.1
# Extraction Voxel Resolution (ijk) : 72 60 60
# Extraction Voxel Size (mm)  (ijk) : 1.000000 1.000000 1.000000
# Feature Coordinate Space: voxels
Features: 125
Scale-space location[x y z scale] orientation[o11 o12 o13 o21 o22 o23 o31 o32 o32] 2nd moment eigenvalues[e1 e2 e3] info flag[i1] descriptor[d1 .. d64]
33.182915	30.500008	30.499985	3.833967	-1.000000	0.000001	-0.000000	0.000000	0.481224	0.876597	-0.000001	-0.876597	0.481224	0.473842	0.094097	0.094097	16	58	0	49	1	2	3	4	5	61	6	55	7	8	9	10	11	12	13	59	14	15	16	17	18	19	20	63	21	22	23	24	25	48	54	46	47	26	27	28	29	52	60	51	53	30	31	32	33	34	45	50	57	35	36	37	38	39	40	56	62	41	42	43	44	
33.182915	30.500008	30.499985	3.833967	0.820161	-0.404559	0.404559	0.572133	0.579942	-0.579940	-0.000001	0.707106	0.707108	0.473842	0.094097	0.094097	48	54	39	0	1	2	3	4	5	58	49	6	7	42	8	9	10	52	11	55	44	12	13	14	15	62	57	60	50	16	17	18	19	45	53	20	21	22	23	24	25	47	59	26	27	38	40	28	29	41	51	43	56	30	31	32	33	48	63	46	61	34	35	36	37	
33.182915	30.500008	30.499985	3.833967	0.820161	0.404558	0.404559	0.572132	-0.579945	-0.579938	0.000003	0.707104	-0.707109	0.473842	0.094097	0.094097	48	53	48	0	1	2	3	4	5	59	46	6	7	44	8	9	10	51	42	56	45	11	12	13	14	63	41	61	15	16	17	18	19	20	55	21	22	23	24	25	26	49	58	27	28	40	43	29	30	39	52	47	54	31	32	33	34	57	62	50	60	35	36	37	38	
33.182915	30.500008	30.499985	3.833967	0.820162	-0.404559	-0.404558	0.572132	0.579939	0.579945	-0.000003	-0.707109	0.707104	0.473842	0.094097	0.094097	48	55	0	1	2	3	4	5	6	58	49	7	8	43	39	9	10	52	41	54	47	11	12	13	14	62	57	60	50	15	16	17	18	48	53	19	20	21	22	23	24	46	59	25	26	27	45	28	29	42	51	44	56	30	31	32	33	40	63	34	61	35	36	37	38	
33.182915	30.500008	30.499985	3.833967	0.820162	0.404558	-0.404558	0.572131	-0.579941	0.579943	0.000001	-0.707107	-0.707106	0.473842	0.094097	0.094097	48	53	47	0	1	2	3	4	5	59	48	6	7	44	8	9	10	52	41	56	45	11	12	13	14	63	40	61	15	16	17	18	19	38	54	20	21	22	23	24	25	49	58	26	27	39	43	28	29	42	51	46	55	30	31	32	33	57	62	50	60	34	35	36	37	
52.495361	30.500031	30.500000	6.421591	0.000000	-0.000001	-1.000000	-0.002804	-0.999996	0.000001	-0.999996	0.002804	-0.000000	0.404838	0.404838	0.359561	0	56	45	44	32	60	52	53	43	0	1	2	3	49	35	41	29	4	5	57	46	6	7	62	54	8	9	10	11	31	12	51	37	13	58	14	47	36	61	33	55	15	16	17	18	38	48	34	40	19	20	21	59	22	23	42	63	24	25	26	27	28	30	39	50	
52.495361	30.500031	30.500000	6.421591	-0.606381	-0.795174	-0.000000	-0.795175	0.606381	-0.000000	0.000000	0.000000	-1.000000	0.404838	0.404838	0.359561	32	45	31	0	1	2	3	4	5	53	36	6	7	47	40	8	9	58	42	46	38	10	11	12	13	62	51	56	43	60	49	54	41	35	44	14	15	16	17	18	19	37	52	20	21	32	50	22	23	39	59	33	48	24	25	26	27	34	63	28	57	29	61	30	55	
52.495361	30.500031	30.500000	6.421591	-0.606381	-0.000001	0.795174	-0.795174	-0.000004	-0.606381	0.000004	-1.000000	0.000001	0.404838	0.404838	0.359561	32	43	37	0	1	2	3	4	5	50	40	6	7	47	39	8	9	57	45	46	38	10	11	12	13	62	52	56	42	60	48	54	41	35	44	14	15	16	17	18	19	33	53	20	21	32	51	22	23	34	59	36	49	24	25	26	27	28	63	29	58	30	61	31	55	
52.495361	30.500031	30.500000	6.421591	-0.606381	-0.000001	-0.795174	-0.795174	-0.000004	0.606381	-0.000004	1.000000	0.000001	0.404838	0.404838	0.359561	32	44	0	1	2	3	4	5	6	53	7	8	9	51	10	11	12	59	13	49	14	15	16	17	18	63	19	58	20	61	21	55	22	37	43	23	24	25	26	27	28	40	50	29	30	39	47	31	32	45	57	38	46	33	34	35	36	52	62	42	56	48	60	41	54	
52.495361	30.500031	30.500000	6.421591	-0.606382	0.795173	-0.000000	-0.795173	-0.606382	-0.000000	-0.000000	0.000000	1.000000	0.404838	0.404838	0.359561	32	44	35	0	1	2	3	4	5	53	36	6	7	50	31	8	9	59	40	48	32	10	11	12	13	63	34	57	14	61	15	55	16	33	45	17	18	19	20	21	22	37	51	23	24	39	47	25	26	41	58	38	46	27	28	29	30	52	62	43	56	49	60	42	54	
52.495361	30.500031	30.500000	6.421591	-0.567858	0.582037	-0.582039	-0.823127	-0.401537	0.401535	-0.000002	0.707107	0.707107	0.404838	0.404838	0.359561	32	44	29	0	1	2	3	4	5	53	31	6	7	49	30	8	9	59	38	51	34	10	11	12	13	63	45	57	32	60	46	54	40	33	43	14	15	16	17	18	19	37	52	20	21	36	48	22	23	42	58	35	50	24	25	26	27	47	62	39	56	41	61	28	55	
52.495361	30.500031	30.500000	6.421591	-0.567858	0.582037	-0.582039	-0.410705	0.412450	0.813146	0.713344	0.700798	0.004833	0.404838	0.404838	0.359561	32	43	48	0	1	2	3	4	5	59	58	6	7	55	54	8	9	45	46	53	51	10	11	12	13	56	57	62	63	50	52	60	61	14	37	15	16	17	18	19	20	21	42	22	23	24	40	25	26	27	38	28	39	29	30	31	32	33	44	34	49	35	41	36	47	
52.495361	30.500031	30.500000	6.421591	-0.567858	0.582037	-0.582039	-0.410703	-0.813148	-0.412449	-0.713345	0.004833	0.700797	0.404838	0.404838	0.359561	32	37	0	1	2	3	4	5	6	42	7	8	9	40	10	11	12	38	13	39	14	15	16	17	18	44	19	49	20	41	21	47	22	48	43	23	24	25	26	27	28	58	59	29	30	54	55	31	32	46	45	51	53	33	34	35	36	57	56	63	62	52	50	61	60	
52.495361	30.500031	30.500000	6.421591	-0.567858	0.582037	0.582039	-0.823127	-0.401537	-0.401535	0.000002	-0.707107	0.707107	0.404838	0.404838	0.359561	32	42	30	0	1	2	3	4	5	51	38	6	7	49	32	8	9	58	41	52	31	10	11	12	13	62	47	57	37	61	44	55	35	29	43	14	15	16	17	18	19	28	53	20	21	33	48	22	23	40	59	34	50	24	25	26	27	46	63	39	56	45	60	36	54	
52.495361	30.500031	30.500000	6.421591	-0.567858	0.582037	0.582039	-0.410705	0.412450	-0.813146	-0.713344	-0.700798	0.004833	0.404838	0.404838	0.359561	32	37	0	1	2	3	4	5	6	42	7	8	9	40	10	11	12	38	13	39	14	15	16	17	18	44	19	49	20	41	21	47	22	48	43	23	24	25	26	27	28	58	59	29	30	54	55	31	32	46	45	51	53	33	34	35	36	57	56	63	62	52	50	61	60	
52.495361	30.500031	30.500000	6.421591	-0.567858	0.582037	0.582039	-0.410703	-0.813148	0.412449	0.713345	-0.004833	0.700797	0.404838	0.404838	0.359561	32	43	48	0	1	2	3	4	5	59	58	6	7	55	54	8	9	45	46	53	51	10	11	12	13	56	57	62	63	50	52	60	61	14	37	15	16	17	18	19	20	21	42	22	23	24	40	25	26	27	38	28	39	29	30	31	32	33	44	34	49	35	41	36	47	
52.495361	30.500031	30.500000	6.421591	-0.567856	-0.582040	0.582039	-0.823128	0.401533	-0.401536	0.000002	-0.707107	-0.707107	0.404838	0.404838	0.359561	32	43	32	0	1	2	3	4	5	52	35	6	7	48	34	8	9	59	39	51	31	10	11	12	13	62	47	56	38	60	46	54	41	29	45	14	15	16	17	18	19	33	53	20	21	30	49	22	23	40	58	36	50	24	25	26	27	44	63	37	57	42	61	28	55	
37.728157	27.987289	18.909781	7.844997	0.055518	0.012490	0.998380	0.996970	0.053875	-0.056113	0.054488	-0.998470	0.009461	0.382446	0.349891	0.327675	0	43	0	1	2	3	4	5	6	42	7	8	9	46	10	11	12	38	13	47	14	15	16	17	18	37	19	45	20	39	21	50	22	59	53	23	24	25	26	27	28	58	52	29	30	62	56	31	32	49	41	61	55	33	34	35	36	48	40	60	54	51	44	63	57	
37.728157	27.987289	18.909781	7.844997	0.566690	-0.141685	0.811657	-0.815513	0.044000	0.577063	-0.117474	-0.988933	-0.090612	0.382446	0.349891	0.327675	32	47	39	0	1	2	3	4	5	62	57	6	7	53	49	8	9	44	38	48	43	10	11	12	13	56	52	63	60	42	37	58	51	14	41	15	16	17	18	19	20	21	59	22	23	24	50	25	26	27	40	28	46	29	30	31	32	33	54	34	61	35	45	36	55	
37.728157	27.987289	18.909781	7.844997	0.566690	-0.141685	0.811657	-0.391344	0.820606	0.416479	-0.725060	-0.553652	0.409582	0.382446	0.349891	0.327675	32	44	31	0	1	30	2	3	4	60	33	5	6	55	7	8	9	46	10	50	11	12	13	14	15	59	39	63	37	54	35	56	41	32	43	16	17	18	19	20	21	48	58	22	23	42	52	24	25	36	49	40	47	26	27	28	29	45	61	51	62	34	53	38	57	
37.728157	27.987289	18.909781	7.844997	0.566690	-0.141685	0.811657	0.542479	0.805614	-0.238123	-0.620144	0.575249	0.533395	0.382446	0.349891	0.327675	32	42	0	33	1	2	3	4	5	58	6	7	8	53	9	10	11	38	12	44	13	14	15	16	17	49	18	61	19	41	20	55	21	48	46	34	36	22	23	24	25	59	62	26	35	52	56	27	28	39	37	45	50	29	30	31	32	47	51	60	63	40	43	54	57	
37.728157	27.987289	18.909781	7.844997	0.566690	-0.141685	0.811657	0.820561	0.008051	-0.571502	0.074438	0.989879	0.120824	0.382446	0.349891	0.327675	32	46	0	39	1	2	3	4	5	61	6	52	7	56	8	41	9	10	11	42	12	13	14	15	16	17	18	59	19	20	21	51	22	44	48	38	45	23	24	25	26	60	63	49	54	53	57	37	43	27	28	40	47	29	30	31	32	33	34	58	62	35	36	50	55	
37.728157	27.987289	18.909781	7.844997	0.186719	-0.564994	0.803690	-0.140200	0.794379	0.591021	-0.972358	-0.223032	0.069113	0.382446	0.349891	0.327675	32	39	37	0	1	2	3	4	5	50	42	6	7	51	44	8	9	49	41	48	40	10	11	12	13	63	55	61	53	62	54	60	52	14	38	15	16	17	18	19	20	21	47	22	23	24	46	25	26	27	45	28	43	29	30	31	32	33	59	34	57	35	58	36	56	
37.728157	27.987289	18.909781	7.844997	0.186719	-0.564994	0.803690	0.785543	0.577141	0.223227	-0.589965	0.589652	0.551590	0.382446	0.349891	0.327675	32	37	36	0	1	2	3	4	5	45	6	7	8	44	9	10	11	42	12	40	13	14	15	16	17	58	18	54	19	59	20	55	21	39	38	22	23	24	25	26	27	51	47	28	29	48	49	30	31	43	50	41	46	32	33	34	35	57	63	53	61	56	62	52	60	
37.728157	27.987289	18.909781	7.844997	0.186719	-0.564994	0.803690	-0.546804	0.619878	0.562811	-0.816175	-0.544549	-0.193198	0.382446	0.349891	0.327675	32	39	42	0	1	2	3	4	5	53	57	6	7	54	58	8	9	41	45	46	49	10	11	12	13	55	59	61	63	52	56	60	62	14	37	15	16	17	18	19	20	21	44	22	23	24	43	25	26	27	40	28	38	29	30	31	32	33	51	34	47	35	50	36	48	
37.728157	27.987289	18.909781	7.844997	-0.576095	-0.175598	0.798298	0.787472	0.142551	0.599639	-0.219094	0.974086	0.056156	0.382446	0.349891	0.327675	32	42	0	1	2	3	4	5	6	48	7	8	9	45	10	11	12	57	13	50	14	15	16	17	18	60	19	53	20	61	21	56	22	37	44	23	24	25	26	27	28	38	52	29	30	41	47	31	32	46	59	40	54	33	34	35	36	49	62	39	55	51	63	43	58	
37.728157	27.987289	18.909781	7.844997	-0.576095	-0.175598	0.798298	0.619419	0.543454	0.566548	-0.533323	0.820867	-0.204312	0.382446	0.349891	0.327675	32	44	37	0	1	2	3	4	5	51	39	6	7	49	38	8	9	59	46	53	41	10	11	12	13	61	47	54	40	63	52	58	43	14	42	15	16	17	35	18	19	20	50	21	22	36	45	23	24	25	57	26	48	27	28	29	30	31	62	32	56	33	60	34	55	
37.728157	27.987289	18.909781	7.844997	-0.576095	-0.175598	0.798298	0.563601	-0.792693	0.232360	0.592003	0.583783	0.555634	0.382446	0.349891	0.327675	32	40	0	1	2	35	3	4	5	46	6	7	8	42	9	36	10	38	11	41	12	13	14	15	16	39	17	49	18	37	19	48	20	58	45	21	22	23	24	25	26	62	51	27	28	60	55	29	30	53	44	59	47	31	32	33	34	56	43	61	52	57	50	63	54	
37.728157	27.987289	18.909781	7.844997	0.819298	0.413898	0.396786	-0.573366	0.589686	0.568789	0.001442	-0.693512	0.720444	0.382446	0.349891	0.327675	32	37	0	35	36	1	2	3	4	47	5	6	7	43	8	9	10	40	11	38	12	13	14	15	16	50	17	54	18	45	19	55	20	41	39	21	22	23	24	25	26	58	52	27	28	57	53	29	30	49	46	44	42	31	32	33	34	61	56	63	60	48	51	62	59	
37.286686	32.517635	18.656260	7.743618	-0.108125	-0.134448	-0.985004	0.918959	-0.391489	-0.047439	-0.379240	-0.910308	0.165881	0.352342	0.339536	0.289640	0	46	0	38	1	2	3	4	5	45	6	37	7	50	8	39	9	10	11	43	12	13	14	15	16	17	18	42	19	20	21	47	22	61	55	49	41	23	24	25	26	60	54	48	40	63	57	51	44	27	28	59	53	29	30	31	32	33	34	58	52	35	36	62	56	
37.286686	32.517635	18.656260	7.743618	0.568334	0.195380	0.799264	-0.798220	-0.104728	0.593192	0.199603	-0.975120	0.096435	0.352342	0.339536	0.289640	32	39	0	1	2	3	4	5	6	58	7	8	9	51	10	11	12	40	13	43	14	15	16	17	18	56	19	61	20	47	21	52	22	38	44	23	24	25	26	27	28	57	62	29	30	49	53	31	32	37	42	41	46	33	34	35	36	54	60	59	63	45	50	48	55	
37.286686	32.517635	18.656260	7.743618	0.568334	0.195380	0.799264	-0.614152	-0.545709	0.570104	0.547553	-0.814879	-0.190152	0.352342	0.339536	0.289640	32	42	34	0	1	2	3	4	5	58	6	7	8	53	9	10	11	48	12	45	36	13	14	15	16	59	17	62	35	52	18	56	19	38	44	20	21	22	23	24	25	49	61	26	27	41	55	28	29	39	46	37	50	30	31	32	33	47	60	51	63	40	54	43	57	
37.286686	32.517635	18.656260	7.743618	0.568334	0.195380	0.799264	0.577412	-0.786737	-0.218264	0.586167	0.585552	-0.559944	0.352342	0.339536	0.289640	32	45	48	37	34	0	1	2	3	62	59	35	4	56	52	5	6	36	39	50	46	7	8	9	10	51	47	63	60	43	40	57	54	11	42	12	33	13	14	15	16	17	58	18	19	20	53	21	22	23	38	24	44	25	26	27	28	29	49	30	61	31	41	32	55	
37.286686	32.517635	18.656260	7.743618	0.568334	0.195380	0.799264	0.814492	0.004085	-0.580161	-0.116617	0.980719	-0.156814	0.352342	0.339536	0.289640	32	48	43	44	38	0	1	2	3	63	60	54	49	58	53	46	37	4	5	47	40	6	7	8	9	10	11	62	57	12	13	55	50	14	45	15	39	16	17	18	19	20	61	21	52	22	56	23	41	24	25	26	42	27	28	29	30	31	32	33	59	34	35	36	51	
37.286686	32.517635	18.656260	7.743618	0.567840	-0.152279	0.808931	-0.787760	0.184485	0.587707	-0.238731	-0.970967	-0.015201	0.352342	0.339536	0.289640	32	52	39	0	1	2	3	4	5	61	6	7	8	48	9	10	11	46	12	53	13	14	15	16	17	58	18	63	19	20	21	47	22	42	51	23	24	25	26	27	28	56	60	29	30	41	44	31	32	40	49	45	54	33	34	35	36	50	59	57	62	37	38	43	55	
37.286686	32.517635	18.656260	7.743618	0.567840	-0.152279	0.808931	-0.390509	0.815270	0.427595	-0.724611	-0.558700	0.403477	0.352342	0.339536	0.289640	32	49	38	39	0	37	1	2	3	60	4	5	6	53	7	8	9	44	10	52	11	12	13	14	15	56	16	61	17	43	18	40	19	45	54	20	21	22	23	24	25	57	63	26	27	28	47	29	30	41	46	50	51	31	32	33	34	48	58	59	62	35	42	36	55	
37.286686	32.517635	18.656260	7.743618	0.567840	-0.152279	0.808931	0.783843	-0.199981	-0.587875	0.251291	0.967894	0.005806	0.352342	0.339536	0.289640	32	54	44	49	40	0	1	2	3	62	57	59	50	55	43	4	5	6	7	51	42	8	9	10	11	12	13	60	56	14	15	45	41	16	53	17	46	18	19	20	21	22	63	23	58	24	47	25	26	27	28	29	52	30	31	32	33	34	35	36	61	37	38	39	48	
37.286686	32.517635	18.656260	7.743618	0.567840	-0.152279	0.808931	0.390409	-0.815347	-0.427539	0.724665	0.558587	-0.403536	0.352342	0.339536	0.289640	32	51	50	46	41	0	1	2	3	62	59	58	48	55	4	42	5	6	7	54	45	8	9	10	11	12	13	63	57	14	15	47	16	17	52	18	44	19	20	21	22	23	61	24	56	25	40	26	43	27	39	38	49	28	29	30	37	31	32	33	60	34	35	36	53	
37.286686	32.517635	18.656260	7.743618	-0.216593	-0.563573	0.797166	0.162734	0.784283	0.598681	-0.962603	0.259396	-0.078157	0.352342	0.339536	0.289640	32	40	38	0	1	2	3	4	5	58	57	6	7	51	43	8	9	50	47	46	45	10	11	12	13	62	63	59	61	54	55	48	52	14	37	15	16	17	18	19	20	21	53	22	23	24	41	25	26	27	39	28	42	29	30	31	32	33	56	34	60	35	44	36	49	
37.286686	32.517635	18.656260	7.743618	-0.216593	-0.563573	0.797166	0.540656	0.610654	0.578613	-0.812883	0.556316	0.172436	0.352342	0.339536	0.289640	32	42	37	0	1	2	3	4	5	57	43	6	7	47	38	8	9	51	40	50	39	10	11	12	13	63	59	62	58	56	49	54	48	14	41	15	16	17	18	19	20	21	55	22	23	36	44	24	25	26	46	27	45	28	29	30	31	32	61	33	60	34	52	35	53	
37.286686	32.517635	18.656260	7.743618	-0.216593	-0.563573	0.797166	0.859469	0.277208	0.429499	-0.463035	0.778165	0.424332	0.352342	0.339536	0.289640	32	42	36	0	1	2	35	3	4	54	5	6	7	46	8	9	10	49	11	50	12	13	14	15	16	61	17	60	18	56	19	55	20	37	44	21	22	23	24	25	26	45	59	27	28	39	47	29	30	38	51	40	53	31	32	33	34	52	63	48	62	43	58	41	57	
39.434868	38.706844	21.167921	7.892587	0.064809	0.997837	0.010974	-0.674980	0.051934	-0.736006	-0.734985	0.040293	0.676886	0.373394	0.356152	0.341201	0	48	0	49	1	2	3	4	5	38	6	39	7	52	8	53	9	10	11	42	12	13	14	15	16	17	18	37	19	20	21	43	22	56	57	58	59	23	24	25	26	45	44	47	46	61	60	63	62	27	28	50	51	29	30	31	32	33	34	40	41	35	36	54	55	
39.434868	38.706844	21.167921	7.892587	-0.000790	-0.578354	0.815785	-0.021792	-0.815582	-0.578231	0.999762	-0.018234	-0.011959	0.373394	0.356152	0.341201	32	46	0	1	2	3	4	5	6	60	7	8	9	56	10	11	12	39	13	49	14	15	16	17	18	52	19	61	20	44	21	57	22	40	50	23	24	25	26	27	28	53	62	29	30	45	58	31	32	37	42	41	51	33	34	35	36	43	55	54	63	38	48	47	59	
39.434868	38.706844	21.167921	7.892587	-0.000790	-0.578354	0.815785	-0.031488	0.815395	0.578047	-0.999504	-0.025231	-0.018855	0.373394	0.356152	0.341201	32	51	41	42	37	0	1	2	3	63	54	55	43	59	47	48	38	4	5	50	40	6	7	8	9	10	11	62	53	12	13	58	45	14	49	15	39	16	17	18	19	20	61	21	52	22	57	23	44	24	25	26	46	27	28	29	30	31	32	33	60	34	35	36	56	
39.434868	38.706844	21.167921	7.892587	0.805627	-0.592365	0.008263	-0.592353	-0.805668	-0.004181	0.009134	-0.001526	-0.999957	0.373394	0.356152	0.341201	32	46	44	0	1	2	3	4	5	59	58	6	7	55	54	8	9	49	47	51	50	10	11	12	13	56	57	62	63	52	53	60	61	14	37	15	16	17	18	19	20	21	42	22	23	24	40	25	26	27	38	28	39	29	30	31	32	33	43	34	48	35	41	36	45	
39.434868	38.706844	21.167921	7.892587	0.398898	-0.823624	0.403142	-0.588514	-0.567087	-0.576249	0.703230	-0.007390	-0.710924	0.373394	0.356152	0.341201	32	50	45	39	38	0	1	2	3	63	60	51	48	57	54	43	40	36	4	47	46	5	6	7	8	9	10	62	59	11	12	56	52	13	44	14	37	15	16	17	18	19	61	20	49	21	55	22	41	23	24	25	42	26	27	28	29	30	31	32	58	33	34	35	53	
39.434868	38.706844	21.167921	7.892587	0.398898	-0.823624	0.403142	0.566020	0.567038	0.598406	-0.721458	-0.010516	0.692378	0.373394	0.356152	0.341201	32	42	0	1	2	3	4	5	6	58	7	8	9	53	10	11	12	37	13	44	14	15	16	17	18	49	19	61	20	41	21	55	22	45	47	23	36	24	25	26	27	59	62	28	29	52	56	30	31	38	39	46	50	32	33	34	35	48	51	60	63	40	43	54	57	
39.434868	38.706844	21.167921	7.892587	0.398898	-0.823624	0.403142	-0.466830	0.196003	0.862353	-0.789272	-0.532189	-0.306308	0.373394	0.356152	0.341201	32	42	36	0	1	2	3	4	5	58	49	6	7	53	41	8	9	44	37	50	35	10	11	12	13	60	48	63	51	52	40	57	43	14	45	15	16	17	18	19	20	21	59	22	23	24	54	25	26	34	47	39	46	27	28	29	30	31	61	38	62	32	55	33	56	
39.434868	38.706844	21.167921	7.892587	0.398898	-0.823624	0.403142	-0.864774	-0.191635	0.464158	-0.305036	-0.533778	-0.788691	0.373394	0.356152	0.341201	32	43	39	0	1	2	3	4	5	62	57	6	7	53	48	8	9	42	37	46	38	10	11	12	13	60	55	63	58	50	45	54	49	14	41	15	16	17	18	19	20	21	59	22	23	24	51	25	26	27	40	28	44	29	30	31	32	33	56	34	61	35	47	36	52	
39.434868	38.706844	21.167921	7.892587	0.630970	-0.417946	0.653604	-0.580530	-0.813236	0.040404	0.514648	-0.404930	-0.755758	0.373394	0.356152	0.341201	32	45	37	0	1	2	3	4	5	60	48	6	7	55	40	8	9	50	39	46	42	10	11	12	13	61	47	63	53	54	38	58	44	14	41	15	16	17	18	19	20	21	57	22	23	24	51	25	26	27	43	28	49	29	30	31	32	33	59	34	62	35	52	36	56	
39.434868	38.706844	21.167921	7.892587	0.630970	-0.417946	0.653604	-0.608298	0.256367	0.751166	-0.481509	-0.871549	-0.092476	0.373394	0.356152	0.341201	32	39	0	1	2	3	4	5	6	57	7	8	9	49	10	11	12	37	13	42	14	15	16	17	18	51	19	61	20	47	21	53	22	41	44	23	24	25	26	27	28	58	62	29	30	50	55	31	32	40	45	46	43	33	34	35	36	52	59	60	63	38	48	54	56	
39.434868	38.706844	21.167921	7.892587	0.630970	-0.417946	0.653604	-0.768903	-0.224748	0.598562	-0.103271	-0.880233	-0.463169	0.373394	0.356152	0.341201	32	42	0	1	2	3	4	5	6	57	7	8	9	51	10	11	12	45	13	46	14	15	16	17	18	59	19	62	20	53	21	56	22	37	44	23	24	25	26	27	28	48	60	29	30	41	55	31	32	38	50	39	49	33	34	35	36	47	61	52	63	40	54	43	58	
39.434868	38.706844	21.167921	7.892587	0.630970	-0.417946	0.653604	0.050465	-0.818587	-0.572161	0.774164	0.394001	-0.495413	0.373394	0.356152	0.341201	32	45	49	0	1	2	3	4	5	62	60	6	7	56	53	8	9	38	39	46	50	10	11	12	13	51	48	63	61	44	40	57	55	14	42	15	16	17	18	19	20	21	58	22	23	24	52	25	26	27	37	28	43	29	30	31	32	33	47	34	59	35	41	36	54	
37.388298	41.229118	25.210945	7.770524	-0.076936	-0.262940	-0.961740	0.939593	-0.341804	0.018285	-0.333534	-0.902238	0.273354	0.340291	0.333785	0.305449	0	47	0	56	1	2	3	4	5	46	6	55	7	52	8	59	9	10	11	38	12	13	14	15	16	17	18	37	19	20	21	41	22	48	53	57	62	23	24	25	26	45	50	54	61	51	58	60	63	27	28	40	44	29	30	31	32	33	34	39	43	35	36	42	49	
37.388298	41.229118	25.210945	7.770524	0.560793	-0.227221	0.796167	0.602533	-0.547525	-0.580664	0.567860	0.805349	-0.170140	0.340291	0.333785	0.305449	32	39	45	0	1	2	3	4	5	52	60	6	7	56	53	8	9	41	44	46	49	10	11	12	13	57	61	62	63	50	47	54	58	36	37	14	15	16	17	18	19	20	48	21	22	23	43	24	25	26	38	27	40	28	29	30	31	32	51	33	59	34	42	35	55	
37.388298	41.229118	25.210945	7.770524	0.560793	-0.227221	0.796167	-0.583362	-0.790814	0.185207	0.587537	-0.568316	-0.576035	0.340291	0.333785	0.305449	32	37	0	36	1	2	3	4	5	47	6	7	8	43	9	10	11	45	12	39	13	14	15	16	17	60	18	51	19	53	20	54	21	38	41	22	23	24	25	26	27	52	59	28	29	42	55	30	31	44	49	40	46	32	33	34	35	61	63	56	62	48	58	50	57	
37.388298	41.229118	25.210945	7.770524	0.560793	-0.227221	0.796167	-0.785249	-0.450812	0.424444	0.262479	-0.863214	-0.431237	0.340291	0.333785	0.305449	32	37	0	36	1	2	3	4	5	52	6	7	8	43	9	10	11	38	12	39	13	14	15	16	17	49	18	50	19	42	20	53	21	46	44	22	23	24	25	26	27	63	60	28	29	54	55	30	31	45	41	48	47	32	33	34	35	59	56	62	61	51	40	57	58	
37.388298	41.229118	25.210945	7.770524	0.560793	-0.227221	0.796167	0.781839	-0.171119	-0.599538	0.272467	0.958691	0.081688	0.340291	0.333785	0.305449	32	46	54	36	35	0	1	2	3	59	61	4	5	58	56	6	7	39	40	52	51	8	9	10	11	48	49	62	63	41	43	57	60	12	42	13	14	15	16	17	18	19	50	20	21	22	47	23	24	25	37	26	45	27	28	29	30	31	44	32	55	33	38	34	53	
37.388298	41.229118	25.210945	7.770524	0.560793	-0.227221	0.796167	-0.821954	-0.037209	0.568337	-0.099514	-0.973132	-0.207632	0.340291	0.333785	0.305449	32	42	0	34	1	2	3	4	5	54	6	45	7	47	8	38	9	33	10	43	11	12	13	14	15	32	16	55	17	31	18	49	19	51	52	37	36	20	21	22	23	62	61	50	46	56	57	44	41	39	40	53	48	24	25	26	27	28	35	63	60	29	30	59	58	
37.388298	41.229118	25.210945	7.770524	0.560793	-0.227221	0.796167	0.795906	0.412905	-0.442769	-0.228135	0.881975	0.412401	0.340291	0.333785	0.305449	32	49	50	43	45	0	1	2	3	62	63	51	55	58	59	40	41	4	5	47	48	6	7	8	9	10	11	60	61	12	13	57	56	14	42	15	37	16	17	18	19	20	54	21	46	22	53	23	39	24	25	26	38	27	28	29	30	31	32	33	52	34	35	36	44	
37.388298	41.229118	25.210945	7.770524	0.188640	-0.569537	0.800026	0.072866	-0.804290	-0.589753	0.979339	0.169546	-0.110221	0.340291	0.333785	0.305449	32	42	0	1	2	3	4	5	6	57	7	8	9	51	10	11	12	43	13	49	14	15	16	17	18	58	19	62	20	52	21	56	22	37	45	23	24	25	26	27	28	47	60	29	30	41	54	31	32	38	46	39	50	33	34	35	36	48	61	53	63	40	55	44	59	
37.388298	41.229118	25.210945	7.770524	0.188640	-0.569537	0.800026	0.544905	-0.617038	-0.567752	0.817003	0.543040	0.193946	0.340291	0.333785	0.305449	32	44	37	0	1	2	3	4	5	59	48	6	7	53	40	8	9	45	39	50	38	10	11	12	13	60	51	63	49	54	41	57	42	36	43	35	14	15	16	17	18	19	58	20	21	22	52	23	24	25	46	26	47	27	28	29	30	31	62	32	61	33	56	34	55	
37.728146	18.909779	27.987310	7.844999	0.055517	-0.012489	0.998380	0.054486	0.998470	0.009460	0.996970	-0.053873	-0.056113	0.382446	0.349891	0.327675	0	43	0	1	2	3	4	5	6	42	7	8	9	46	10	11	12	59	13	53	14	15	16	17	18	58	19	52	20	62	21	56	22	38	47	23	24	25	26	27	28	37	45	29	30	39	50	31	32	49	61	41	55	33	34	35	36	48	60	40	54	51	63	44	57	
37.728146	18.909779	27.987310	7.844999	0.566691	0.811656	-0.141689	-0.815512	0.577065	0.044003	0.117479	0.090614	0.988933	0.382446	0.349891	0.327675	32	41	0	1	2	3	4	5	6	59	7	8	9	50	10	11	12	40	13	46	14	15	16	17	18	54	19	61	20	45	21	55	22	39	47	23	24	25	26	27	28	57	62	29	30	49	53	31	32	38	44	43	48	33	34	35	36	52	56	60	63	37	42	51	58	
37.728146	18.909779	27.987310	7.844999	0.566691	0.811656	-0.141689	-0.391340	0.416482	0.820607	0.725062	-0.409582	0.553650	0.382446	0.349891	0.327675	32	43	32	0	1	2	3	4	5	58	48	6	7	52	42	8	9	49	36	47	40	10	11	12	13	61	45	62	51	53	34	57	38	31	44	14	15	16	30	17	18	33	60	19	20	21	55	22	23	24	46	25	50	26	27	28	29	39	59	37	63	35	54	41	56	
37.728146	18.909779	27.987310	7.844999	0.566691	0.811656	-0.141689	0.542483	-0.238122	0.805612	0.620140	-0.533397	-0.575251	0.382446	0.349891	0.327675	32	46	48	36	34	0	1	2	3	62	59	35	4	56	52	5	6	37	39	50	45	7	8	9	10	51	47	63	60	43	40	57	54	11	42	12	33	13	14	15	16	17	58	18	19	20	53	21	22	23	38	24	44	25	26	27	28	29	49	30	61	31	41	32	55	
37.728146	18.909779	27.987310	7.844999	0.566691	0.811656	-0.141689	0.820561	-0.571503	0.008051	-0.074441	-0.120827	-0.989878	0.382446	0.349891	0.327675	32	48	44	45	38	0	1	2	3	63	60	54	49	57	53	43	37	4	5	47	40	6	7	8	9	10	11	62	58	12	13	55	50	14	46	15	39	16	17	18	19	20	61	21	52	22	56	23	41	24	25	26	42	27	28	29	30	31	32	33	59	34	35	36	51	
37.728146	18.909779	27.987310	7.844999	0.186720	0.803690	-0.564994	-0.140199	0.591021	0.794379	0.972358	-0.069115	0.223032	0.382446	0.349891	0.327675	32	38	0	1	2	3	4	5	6	47	7	8	9	46	10	11	12	45	13	43	14	15	16	17	18	59	19	57	20	58	21	56	22	37	39	23	24	25	26	27	28	42	50	29	30	44	51	31	32	41	49	40	48	33	34	35	36	55	63	53	61	54	62	52	60	
37.728146	18.909779	27.987310	7.844999	0.186720	0.803690	-0.564994	0.785547	0.223223	0.577137	0.589959	-0.551593	-0.589656	0.382446	0.349891	0.327675	32	38	39	0	1	2	3	4	5	47	51	6	7	49	48	8	9	50	43	46	41	10	11	12	13	63	57	61	53	62	56	60	52	36	37	14	15	16	17	18	19	20	45	21	22	23	44	24	25	26	42	27	40	28	29	30	31	32	58	33	54	34	59	35	55	
37.728146	18.909779	27.987310	7.844999	0.186720	0.803690	-0.564994	-0.546804	0.562812	0.619878	0.816175	0.193198	0.544549	0.382446	0.349891	0.327675	32	37	0	1	2	3	4	5	6	44	7	8	9	43	10	11	12	40	13	38	14	15	16	17	18	51	19	47	20	50	21	48	22	42	39	23	24	25	26	27	28	57	53	29	30	58	54	31	32	45	41	49	46	33	34	35	36	59	55	63	61	56	52	62	60	
37.728146	18.909779	27.987310	7.844999	-0.576094	0.798299	-0.175600	0.787472	0.599638	0.142555	0.219098	-0.056155	-0.974086	0.382446	0.349891	0.327675	32	44	37	0	1	2	3	4	5	52	38	6	7	47	41	8	9	59	46	54	40	10	11	12	13	62	49	55	39	63	51	58	43	14	42	15	16	17	18	19	20	21	48	22	23	24	45	25	26	27	57	28	50	29	30	31	32	33	60	34	53	35	61	36	56	
37.728146	18.909779	27.987310	7.844999	-0.576094	0.798299	-0.175600	0.619420	0.566548	0.543454	0.533324	0.204310	-0.820867	0.382446	0.349891	0.327675	32	42	0	1	2	35	3	4	5	50	6	7	8	45	36	9	10	57	11	48	12	13	14	15	16	62	17	56	18	60	19	55	20	37	44	21	22	23	24	25	26	39	51	27	28	38	49	29	30	46	59	41	53	31	32	33	34	47	61	40	54	52	63	43	58	
37.728146	18.909779	27.987310	7.844999	-0.576094	0.798299	-0.175600	0.563603	0.232358	-0.792693	-0.592004	-0.555634	-0.583783	0.382446	0.349891	0.327675	32	45	58	0	1	2	3	4	5	51	62	6	7	55	60	8	9	44	53	47	59	10	11	12	13	43	56	52	61	50	57	54	63	14	40	15	16	17	35	18	19	20	46	21	22	23	42	24	36	25	38	26	41	27	28	29	30	31	39	32	49	33	37	34	48	
37.728146	18.909779	27.987310	7.844999	0.819299	0.396786	0.413896	-0.573365	0.568790	0.589686	-0.001441	-0.720443	0.693513	0.382446	0.349891	0.327675	32	39	41	0	1	2	3	4	5	52	58	6	7	53	57	8	9	46	49	42	44	10	11	12	13	56	61	60	63	51	48	59	62	14	37	36	35	15	16	17	18	19	47	20	21	22	43	23	24	25	40	26	38	27	28	29	30	31	50	32	54	33	45	34	55	
37.286667	18.656263	32.517654	7.743618	0.108129	-0.134445	-0.985004	0.379262	-0.910299	0.165882	-0.918950	-0.391511	-0.047440	0.352342	0.339536	0.289640	0	46	38	0	1	2	3	4	5	45	37	6	7	50	39	8	9	61	49	55	41	10	11	12	13	60	48	54	40	63	51	57	44	14	43	15	16	17	18	19	20	21	42	22	23	24	47	25	26	27	59	28	53	29	30	31	32	33	58	34	52	35	62	36	56	
37.286667	18.656263	32.517654	7.743618	0.568335	0.799264	0.195379	-0.798219	0.593193	-0.104729	-0.199604	-0.096434	0.975120	0.352342	0.339536	0.289640	32	44	38	0	1	2	3	4	5	62	57	6	7	53	49	8	9	42	37	46	41	10	11	12	13	60	54	63	59	50	45	55	48	14	39	15	16	17	18	19	20	21	58	22	23	24	51	25	26	27	40	28	43	29	30	31	32	33	56	34	61	35	47	36	52	
37.286667	18.656263	32.517654	7.743618	0.568335	0.799264	0.195379	-0.614152	0.570105	-0.545708	-0.547551	0.190153	0.814880	0.352342	0.339536	0.289640	32	44	38	0	1	2	3	4	5	61	49	6	7	55	41	8	9	46	39	50	37	10	11	12	13	60	47	63	51	54	40	57	43	34	42	14	15	16	17	18	19	20	58	21	22	23	53	24	25	26	48	36	45	27	28	29	30	31	59	35	62	32	52	33	56	
37.286667	18.656263	32.517654	7.743618	0.568335	0.799264	0.195379	0.577412	-0.218265	-0.786738	-0.586166	0.559945	-0.585552	0.352342	0.339536	0.289640	32	42	0	33	1	2	3	4	5	58	6	7	8	53	9	10	11	38	12	44	13	14	15	16	17	49	18	61	19	41	20	55	21	48	45	34	37	22	23	24	25	59	62	26	35	52	56	27	28	39	36	46	50	29	30	31	32	47	51	60	63	40	43	54	57	
37.286667	18.656263	32.517654	7.743618	0.568335	0.799264	0.195379	0.814491	-0.580161	0.004083	0.116615	0.156814	-0.980719	0.352342	0.339536	0.289640	32	45	0	39	1	2	3	4	5	61	6	52	7	56	8	41	9	10	11	42	12	13	14	15	16	17	18	59	19	20	21	51	22	43	48	38	44	23	24	25	26	60	63	49	54	53	58	37	46	27	28	40	47	29	30	31	32	33	34	57	62	35	36	50	55	
37.286667	18.656263	32.517654	7.743618	0.567839	0.808932	-0.152275	-0.787760	0.587706	0.184487	0.238730	0.015197	0.970967	0.352342	0.339536	0.289640	32	51	42	0	1	2	3	4	5	60	56	6	7	44	41	8	9	49	40	54	45	10	11	12	13	59	50	62	57	14	15	55	43	39	52	16	17	18	19	20	21	22	61	23	24	25	48	26	27	28	46	29	53	30	31	32	33	34	58	35	63	36	37	38	47	
37.286667	18.656263	32.517654	7.743618	0.567839	0.808932	-0.152275	-0.390512	0.427592	0.815270	0.724610	-0.403478	0.558701	0.352342	0.339536	0.289640	32	54	45	0	1	2	3	4	5	63	57	6	7	47	8	9	10	46	41	51	50	11	12	13	14	58	48	62	59	42	15	55	16	38	49	17	39	18	37	19	20	21	60	22	23	24	53	25	26	27	44	28	52	29	30	31	32	33	56	34	61	35	43	36	40	
37.286667	18.656263	32.517654	7.743618	0.567839	0.808932	-0.152275	0.783843	-0.587874	-0.199986	-0.251294	-0.005799	-0.967893	0.352342	0.339536	0.289640	32	53	0	46	1	2	3	4	5	63	6	58	7	47	8	9	10	11	12	52	13	14	15	16	17	18	19	61	20	21	22	48	23	44	54	40	49	24	25	26	27	57	62	50	59	43	55	28	29	30	31	42	51	32	33	34	35	36	37	56	60	38	39	41	45	
37.286667	18.656263	32.517654	7.743618	0.567839	0.808932	-0.152275	0.390411	-0.427536	-0.815348	-0.724664	0.403537	-0.558588	0.352342	0.339536	0.289640	32	52	0	44	1	2	3	4	5	61	6	56	7	40	8	43	9	39	10	49	38	11	12	37	13	14	15	60	16	17	18	53	19	50	51	41	46	20	21	22	23	59	62	48	58	24	55	25	42	26	27	45	54	28	29	30	31	32	33	57	63	34	35	36	47	
37.286667	18.656263	32.517654	7.743618	-0.216591	0.797165	-0.563575	0.162732	0.598682	0.784282	0.962604	0.078157	-0.259393	0.352342	0.339536	0.289640	32	37	0	1	2	3	4	5	6	53	7	8	9	41	10	11	12	39	13	42	14	15	16	17	18	56	19	60	20	44	21	49	22	38	40	23	24	25	26	27	28	57	58	29	30	43	51	31	32	47	50	45	46	33	34	35	36	63	62	61	59	55	54	52	48	
37.286667	18.656263	32.517654	7.743618	-0.216591	0.797165	-0.563575	0.540654	0.578614	0.610655	0.812885	-0.172436	-0.556313	0.352342	0.339536	0.289640	32	41	0	1	2	3	4	5	6	55	7	8	9	44	36	10	11	46	12	45	13	14	15	16	17	61	18	60	19	52	20	53	21	37	42	22	23	24	25	26	27	43	57	28	29	38	47	30	31	40	51	39	50	32	33	34	35	59	63	58	62	49	56	48	54	
37.286667	18.656263	32.517654	7.743618	-0.216591	0.797165	-0.563575	0.859468	0.429499	0.277209	0.463036	-0.424333	-0.778164	0.352342	0.339536	0.289640	32	44	37	0	1	2	3	4	5	59	45	6	7	47	39	8	9	51	38	53	40	10	11	12	13	63	52	62	48	58	43	57	41	36	42	14	15	35	16	17	18	19	54	20	21	22	46	23	24	25	49	26	50	27	28	29	30	31	61	32	60	33	56	34	55	
38.468697	41.407223	37.205917	7.713409	-0.183089	-0.320123	0.929516	0.884783	-0.465798	0.013858	0.428530	0.824957	0.368522	0.330876	0.299395	0.280477	0	51	54	59	62	0	1	2	3	48	50	58	60	53	56	61	63	4	5	41	44	6	7	8	9	10	11	40	42	12	13	43	46	14	47	15	55	16	17	18	19	20	45	21	52	22	49	23	57	24	25	26	38	27	28	29	30	31	32	33	37	34	35	36	39	
38.468697	41.407223	37.205917	7.713409	0.582876	-0.811662	-0.038204	-0.812510	-0.581669	-0.038590	0.009100	0.053534	-0.998524	0.330876	0.299395	0.280477	32	38	0	1	2	3	4	5	6	54	7	8	9	48	10	11	12	37	13	39	14	15	16	17	18	53	19	58	20	46	21	50	22	41	43	23	24	25	26	27	28	59	62	29	30	49	56	31	32	40	44	42	47	33	34	35	36	55	61	60	63	45	52	51	57	
38.468697	41.407223	37.205917	7.713409	0.582876	-0.811662	-0.038204	0.809677	0.584123	-0.056778	0.068400	0.002161	0.997656	0.330876	0.299395	0.280477	32	46	48	43	45	0	1	2	3	61	63	51	54	57	58	40	42	4	5	44	47	6	7	8	9	10	11	60	62	12	13	53	55	14	41	15	37	16	17	18	19	20	59	21	50	22	52	23	38	24	25	26	39	27	28	29	30	31	32	33	56	34	35	36	49	
38.468697	41.407223	37.205917	7.713409	0.138700	-0.804558	-0.577450	-0.012580	-0.584470	0.811318	-0.990255	-0.105266	-0.091188	0.330876	0.299395	0.280477	32	55	47	0	1	2	3	4	5	62	58	6	7	8	9	10	11	50	46	54	49	12	13	14	15	59	51	63	57	16	17	18	19	20	52	21	22	23	24	25	26	27	61	28	29	30	31	32	33	34	48	35	53	36	37	38	39	40	56	41	60	42	43	44	45	
38.468697	41.407223	37.205917	7.713409	0.138700	-0.804558	-0.577450	0.033805	0.586592	-0.809177	0.989757	0.092712	0.108558	0.330876	0.299395	0.280477	32	53	0	47	1	2	3	4	5	60	6	56	7	8	9	10	11	12	13	52	14	15	16	17	18	19	20	61	21	22	23	45	24	49	54	46	50	25	26	27	28	57	62	51	59	29	30	31	32	33	34	48	55	35	36	37	38	39	40	58	63	41	42	43	44	
38.468697	41.407223	37.205917	7.713409	0.138700	-0.804558	-0.577450	0.786679	-0.264686	0.557743	-0.601579	-0.531627	0.596217	0.330876	0.299395	0.280477	32	51	45	0	1	2	3	4	5	61	56	6	7	8	9	10	11	46	43	53	48	12	13	14	15	57	50	62	59	16	17	18	19	44	52	20	21	22	23	24	25	55	60	26	27	28	47	29	30	31	49	42	54	32	33	34	35	36	58	37	63	38	39	40	41	
38.468697	41.407223	37.205917	7.713409	0.138700	-0.804558	-0.577450	0.821939	0.418779	-0.386058	0.552429	-0.421082	0.719383	0.330876	0.299395	0.280477	32	53	41	42	0	1	2	3	4	60	48	49	5	50	6	7	8	44	39	52	9	10	11	12	13	56	14	61	15	16	17	18	19	45	54	20	40	21	22	23	24	57	62	25	26	27	28	29	30	43	47	46	55	31	32	33	34	51	59	58	63	35	36	37	38	
38.468697	41.407223	37.205917	7.713409	-0.788946	-0.590850	-0.168701	0.602687	-0.797582	-0.025111	-0.119717	-0.121485	0.985347	0.330876	0.299395	0.280477	32	43	38	0	1	2	3	4	5	45	42	6	7	48	41	8	9	62	57	53	49	10	11	12	13	61	56	51	44	63	60	58	50	14	37	15	16	17	18	19	20	21	40	22	23	24	39	25	26	27	54	28	46	29	30	31	32	33	55	34	47	35	59	36	52	
38.468697	41.407223	37.205917	7.713409	-0.788946	-0.590850	-0.168701	0.577026	-0.618043	-0.533913	0.211198	-0.518574	0.828539	0.330876	0.299395	0.280477	32	45	36	0	1	2	35	3	4	50	5	6	7	49	39	8	9	59	10	47	11	12	13	14	15	61	16	38	17	62	37	56	18	40	46	19	20	21	22	23	24	42	48	25	26	41	51	27	28	55	58	43	53	29	30	31	32	54	60	33	34	57	63	44	52	
39.434853	21.167915	38.706837	7.892587	0.064808	0.997837	-0.010974	-0.734976	0.040291	-0.676894	-0.674989	0.051934	0.735998	0.373393	0.356152	0.341201	0	48	49	0	1	2	3	4	5	38	39	6	7	52	53	8	9	56	58	57	59	10	11	12	13	45	47	44	46	61	63	60	62	14	42	15	16	17	18	19	20	21	37	22	23	24	43	25	26	27	50	28	51	29	30	31	32	33	40	34	41	35	54	36	55	
39.434853	21.167915	38.706837	7.892587	-0.000789	0.815786	-0.578354	-0.021790	-0.578231	-0.815582	-0.999762	0.011959	0.018232	0.373393	0.356152	0.341201	32	50	40	0	1	2	3	4	5	62	53	6	7	58	45	8	9	42	37	51	41	10	11	12	13	55	43	63	54	48	38	59	47	14	46	15	16	17	18	19	20	21	60	22	23	24	56	25	26	27	39	28	49	29	30	31	32	33	52	34	61	35	44	36	57	
39.434853	21.167915	38.706837	7.892587	-0.000789	0.815786	-0.578354	-0.031486	0.578047	0.815396	0.999504	0.018854	0.025230	0.373393	0.356152	0.341201	32	49	0	39	1	2	3	4	5	61	6	52	7	57	8	44	9	10	11	46	12	13	14	15	16	17	18	60	19	20	21	56	22	41	51	37	42	23	24	25	26	54	63	43	55	47	59	38	48	27	28	40	50	29	30	31	32	33	34	53	62	35	36	45	58	
39.434853	21.167915	38.706837	7.892587	0.805627	0.008263	-0.592365	-0.592352	-0.004180	-0.805668	-0.009134	0.999957	0.001527	0.373393	0.356152	0.341201	32	37	0	1	2	3	4	5	6	42	7	8	9	40	10	11	12	38	13	39	14	15	16	17	18	43	19	48	20	41	21	45	22	44	46	23	24	25	26	27	28	58	59	29	30	54	55	31	32	47	49	50	51	33	34	35	36	57	56	63	62	53	52	61	60	
39.434853	21.167915	38.706837	7.892587	0.398898	0.403142	-0.823624	-0.588513	-0.576250	-0.567087	-0.703230	0.710924	0.007389	0.373393	0.356152	0.341201	32	44	0	37	1	2	3	4	5	61	6	49	7	55	8	41	9	10	11	42	12	13	14	15	16	17	18	58	19	20	21	53	22	45	50	38	39	23	24	25	26	60	63	48	51	54	57	40	43	27	36	46	47	28	29	30	31	32	33	59	62	34	35	52	56	
39.434853	21.167915	38.706837	7.892587	0.398898	0.403142	-0.823624	0.566020	0.598405	0.567038	0.721458	-0.692379	0.010516	0.373393	0.356152	0.341201	32	47	45	36	0	1	2	3	4	62	59	5	6	56	52	7	8	39	38	50	46	9	10	11	12	51	48	63	60	43	40	57	54	13	42	14	15	16	17	18	19	20	58	21	22	23	53	24	25	26	37	27	44	28	29	30	31	32	49	33	61	34	41	35	55	
39.434853	21.167915	38.706837	7.892587	0.398898	0.403142	-0.823624	-0.466831	0.862352	0.196002	0.789271	0.306309	0.532190	0.373393	0.356152	0.341201	32	45	0	1	2	3	4	5	6	59	7	8	9	54	10	11	12	47	34	46	39	13	14	15	16	61	17	62	38	55	18	56	19	36	42	20	21	22	23	24	25	49	58	26	27	41	53	28	29	37	44	35	50	30	31	32	33	48	60	51	63	40	52	43	57	
39.434853	21.167915	38.706837	7.892587	0.398898	0.403142	-0.823624	-0.864774	0.464158	-0.191635	0.305036	0.788692	0.533778	0.373393	0.356152	0.341201	32	41	0	1	2	3	4	5	6	59	7	8	9	51	10	11	12	40	13	44	14	15	16	17	18	56	19	61	20	47	21	52	22	39	43	23	24	25	26	27	28	57	62	29	30	48	53	31	32	37	42	38	46	33	34	35	36	55	60	58	63	45	50	49	54	
39.434853	21.167915	38.706837	7.892587	0.630971	0.653604	-0.417945	-0.580529	0.040405	-0.813236	-0.514647	0.755758	0.404931	0.373393	0.356152	0.341201	32	41	0	1	2	3	4	5	6	57	7	8	9	51	10	11	12	43	13	49	14	15	16	17	18	59	19	62	20	52	21	56	22	37	45	23	24	25	26	27	28	48	60	29	30	40	55	31	32	39	50	42	46	33	34	35	36	47	61	53	63	38	54	44	58	
39.434853	21.167915	38.706837	7.892587	0.630971	0.653604	-0.417945	-0.608292	0.751167	0.256377	0.481515	0.092466	0.871546	0.373393	0.356152	0.341201	32	44	41	0	1	2	3	4	5	62	58	6	7	55	50	8	9	45	40	43	46	10	11	12	13	59	52	63	60	48	38	56	54	14	39	15	16	17	18	19	20	21	57	22	23	24	49	25	26	27	37	28	42	29	30	31	32	33	51	34	61	35	47	36	53	
39.434853	21.167915	38.706837	7.892587	0.630971	0.653604	-0.417945	-0.768903	0.598562	-0.224750	0.103269	0.463170	0.880233	0.373393	0.356152	0.341201	32	44	37	0	1	2	3	4	5	60	48	6	7	55	41	8	9	50	38	49	39	10	11	12	13	61	47	63	52	54	40	58	43	14	42	15	16	17	18	19	20	21	57	22	23	24	51	25	26	27	45	28	46	29	30	31	32	33	59	34	62	35	53	36	56	
39.434853	21.167915	38.706837	7.892587	0.630971	0.653604	-0.417945	0.050465	-0.572161	-0.818587	-0.774163	0.495413	-0.394001	0.373393	0.356152	0.341201	32	42	0	1	2	3	4	5	6	58	7	8	9	52	10	11	12	37	13	43	14	15	16	17	18	47	19	59	20	41	21	54	22	49	45	23	24	25	26	27	28	60	62	29	30	53	56	31	32	39	38	50	46	33	34	35	36	48	51	61	63	40	44	55	57	
37.388294	25.210951	41.229118	7.770528	0.076927	-0.262941	-0.961740	0.333516	-0.902245	0.273351	-0.939600	-0.341784	0.018288	0.340291	0.333786	0.305450	0	47	56	0	1	2	3	4	5	46	55	6	7	52	59	8	9	48	57	53	62	10	11	12	13	45	54	50	61	51	60	58	63	14	38	15	16	17	18	19	20	21	37	22	23	24	41	25	26	27	40	28	44	29	30	31	32	33	39	34	43	35	42	36	49	
37.388294	25.210951	41.229118	7.770528	0.560793	0.796167	-0.227222	0.602533	-0.580664	-0.547524	-0.567861	0.170139	-0.805349	0.340291	0.333786	0.305450	32	37	36	0	1	2	3	4	5	48	6	7	8	43	9	10	11	38	12	40	13	14	15	16	17	51	18	59	19	42	20	55	21	45	39	22	23	24	25	26	27	60	52	28	29	53	56	30	31	44	41	49	46	32	33	34	35	61	57	63	62	47	50	58	54	
37.388294	25.210951	41.229118	7.770528	0.560793	0.796167	-0.227222	-0.583362	0.185206	-0.790814	-0.587537	0.576036	0.568316	0.340291	0.333786	0.305450	32	41	38	0	1	2	3	4	5	59	52	6	7	55	42	8	9	49	44	46	40	10	11	12	13	63	61	62	56	58	48	57	50	14	37	15	36	16	17	18	19	20	47	21	22	23	43	24	25	26	45	27	39	28	29	30	31	32	60	33	51	34	53	35	54	
37.388294	25.210951	41.229118	7.770528	0.560793	0.796167	-0.227222	-0.785250	0.424444	-0.450811	-0.262478	0.431238	0.863215	0.340291	0.333786	0.305450	32	44	46	0	1	2	3	4	5	60	63	6	7	55	54	8	9	41	45	47	48	10	11	12	13	56	59	61	62	40	51	58	57	14	37	15	36	16	17	18	19	20	52	21	22	23	43	24	25	26	38	27	39	28	29	30	31	32	49	33	50	34	42	35	53	
37.388294	25.210951	41.229118	7.770528	0.560793	0.796167	-0.227222	0.781840	-0.599537	-0.171119	-0.272468	-0.081689	-0.958691	0.340291	0.333786	0.305450	32	42	0	1	2	3	4	5	6	50	7	8	9	47	10	11	12	37	13	45	14	15	16	17	18	44	19	55	20	38	21	53	22	54	46	35	36	23	24	25	26	61	59	27	28	56	58	29	30	40	39	51	52	31	32	33	34	49	48	63	62	43	41	60	57	
37.388294	25.210951	41.229118	7.770528	0.560793	0.796167	-0.227222	-0.821954	0.568338	-0.037205	0.099518	0.207630	0.973132	0.340291	0.333786	0.305450	32	52	51	36	37	0	1	2	3	61	62	46	50	57	56	41	44	40	39	48	53	4	5	6	7	35	8	60	63	9	10	58	59	11	42	12	34	13	14	15	16	17	54	18	45	19	47	20	38	21	33	22	43	23	24	25	26	27	32	28	55	29	31	30	49	
37.388294	25.210951	41.229118	7.770528	0.560793	0.796167	-0.227222	0.795906	-0.442768	0.412905	0.228135	-0.412402	-0.881975	0.340291	0.333786	0.305450	32	42	0	37	1	2	3	4	5	54	6	46	7	53	8	39	9	10	11	38	12	13	14	15	16	17	18	52	19	20	21	44	22	50	49	45	43	23	24	25	26	63	62	55	51	59	58	41	40	27	28	48	47	29	30	31	32	33	34	61	60	35	36	56	57	
37.388294	25.210951	41.229118	7.770528	0.188640	0.800027	-0.569537	0.072866	-0.589753	-0.804290	-0.979339	0.110221	-0.169545	0.340291	0.333786	0.305450	32	45	37	0	1	2	3	4	5	60	47	6	7	54	41	8	9	46	38	50	39	10	11	12	13	61	48	63	53	55	40	59	44	14	42	15	16	17	18	19	20	21	57	22	23	24	51	25	26	27	43	28	49	29	30	31	32	33	58	34	62	35	52	36	56	
37.388294	25.210951	41.229118	7.770528	0.188640	0.800027	-0.569537	0.544907	-0.567752	-0.617037	-0.817001	-0.193947	-0.543041	0.340291	0.333786	0.305450	32	43	36	0	35	1	2	3	4	58	5	6	7	52	8	9	10	46	11	47	12	13	14	15	16	62	17	61	18	56	19	55	20	37	44	21	22	23	24	25	26	48	59	27	28	40	53	29	30	39	45	38	50	31	32	33	34	51	60	49	63	41	54	42	57	
38.468639	37.205921	41.407223	7.713408	-0.183091	0.320115	0.929518	0.428533	-0.824958	0.368516	0.884781	0.465801	0.013863	0.330876	0.299394	0.280475	0	51	59	54	62	0	1	2	3	48	58	50	60	53	61	56	63	4	5	47	55	6	7	8	9	10	11	45	52	12	13	49	57	14	41	15	44	16	17	18	19	20	40	21	42	22	43	23	46	24	25	26	38	27	28	29	30	31	32	33	37	34	35	36	39	
