# featExtract 1.1
# Extraction Voxel Resolution (ijk) : 180 180 180
# Extraction Voxel Size (mm)  (ijk) : 1.000000 1.000000 1.000000
# Feature Coordinate Space: voxels: 1.0 0.0 0.0 0.0 0.0 1.0 0.0 0.0 0.0 0.0 1.0 0.0 0.0 0.0 0.0 1.0
Features: 1469
Scale-space location[x y z scale] orientation[o11 o12 o13 o21 o22 o23 o31 o32 o32] 2nd moment eigenvalues[e1 e2 e3] info flag[i1] descriptor[d1 .. d64]
92.857513	103.246422	9.790703	3.943475	-0.274888	0.932390	0.234704	0.108942	-0.212331	0.971106	-0.955284	-0.292515	0.043209	0.127442	0.030736	0.008965	0	23	0	45	32	43	31	54	1	52	2	42	3	30	4	39	5	44	34	56	51	41	50	35	36	55	6	47	7	24	8	25	9	10	11	60	28	33	27	59	12	58	13	57	14	26	15	53	16	49	29	61	48	46	37	38	40	63	17	62	18	19	20	21	22	
92.857513	103.246422	9.790703	3.943475	0.557599	0.019526	0.829881	-0.821626	-0.129589	0.555102	0.118382	-0.991376	-0.056216	0.127442	0.030736	0.008965	32	52	44	41	35	23	30	40	28	47	57	50	59	0	1	2	3	54	63	45	33	37	42	55	34	56	49	58	4	5	22	43	6	48	51	26	31	7	8	21	9	53	60	10	29	11	12	13	14	61	46	36	15	25	27	32	16	62	38	39	17	18	19	24	20	
92.857513	103.246422	9.790703	3.943475	0.557599	0.019526	0.829881	-0.639986	-0.626590	0.444751	0.528679	-0.779105	-0.336890	0.127442	0.030736	0.008965	32	43	54	42	36	29	37	47	0	50	52	58	48	1	27	28	2	46	63	40	3	33	44	55	34	61	56	45	4	30	5	39	6	41	51	35	38	24	7	25	8	9	59	32	60	10	11	12	13	49	57	26	14	15	16	31	17	53	62	18	19	20	21	22	23	
18.295345	10.132329	10.552708	3.934303	-0.339544	0.397613	0.852416	-0.480289	0.705911	-0.520589	-0.808723	-0.586169	-0.048719	0.588179	0.305898	0.123084	0	62	43	18	11	14	32	16	49	50	27	4	59	8	45	5	57	47	39	3	17	6	48	51	63	60	19	55	24	23	36	37	34	29	40	15	22	12	41	58	31	52	13	28	2	53	33	54	30	56	25	21	26	35	7	42	38	61	44	20	46	9	10	0	1	
18.295345	10.132329	10.552708	3.934303	0.537618	0.608233	0.583969	0.408450	0.418031	-0.811430	-0.737656	0.674761	-0.023692	0.588179	0.305898	0.123084	32	61	1	36	24	30	8	13	45	28	16	55	53	34	14	44	7	38	5	52	25	47	59	15	17	56	43	63	33	6	35	0	2	4	21	42	40	27	26	12	50	23	22	54	39	19	48	3	9	31	37	32	57	62	51	41	46	49	20	60	58	18	11	10	29	
18.295345	10.132329	10.552708	3.934303	0.537618	0.608233	0.583969	-0.190946	-0.586758	0.786928	0.821284	-0.534573	-0.199312	0.588179	0.305898	0.123084	32	6	53	50	19	24	26	63	55	46	60	28	51	16	5	23	20	30	47	15	29	36	35	18	17	45	52	31	13	8	7	58	2	40	56	3	34	32	21	54	57	37	62	49	48	10	1	22	11	12	33	0	61	43	25	14	39	41	59	27	44	4	38	9	42	
18.295345	10.132329	10.552708	3.934303	0.537618	0.608233	0.583969	0.211082	-0.767603	0.605169	0.816340	-0.202084	-0.541064	0.588179	0.305898	0.123084	32	23	42	57	8	17	15	63	14	39	52	31	53	7	0	47	2	12	44	45	33	18	51	41	4	40	54	32	24	27	11	46	21	5	62	16	34	29	38	59	43	36	58	55	49	22	9	26	6	1	28	13	56	37	30	50	35	19	60	61	48	3	10	25	20	
18.295345	10.132329	10.552708	3.934303	0.537618	0.608233	0.583969	0.799083	-0.146464	-0.583108	-0.269135	0.780129	-0.564770	0.588179	0.305898	0.123084	32	50	5	34	42	27	18	9	51	31	36	22	57	43	26	19	17	12	1	56	25	49	41	35	33	61	28	48	58	21	7	16	8	54	13	15	44	63	23	6	24	32	38	53	52	47	10	4	0	14	2	37	62	59	29	39	45	55	40	46	60	20	30	3	11	
18.295345	10.132329	10.552708	3.934303	0.537618	0.608233	0.583969	-0.210160	0.767374	-0.605780	-0.816578	0.202951	0.540381	0.588179	0.305898	0.123084	32	56	13	28	1	35	50	30	37	48	61	60	19	20	25	10	3	34	16	62	5	43	59	38	29	49	55	58	36	6	26	9	22	33	45	44	12	4	41	51	18	24	32	54	40	21	46	11	27	8	57	42	23	14	63	15	17	53	31	52	39	2	47	0	7	
157.114319	44.053848	10.254201	4.156353	-0.934102	0.169534	-0.314184	0.283904	-0.180826	-0.941648	-0.216454	-0.968793	0.120779	0.130664	0.066475	0.027633	0	48	4	27	15	49	50	18	32	46	19	47	9	38	41	36	12	52	45	55	35	62	61	13	26	22	28	11	2	34	44	43	40	42	8	30	20	51	53	33	17	14	7	39	10	29	37	25	56	59	54	31	23	63	60	0	1	24	21	3	5	58	57	6	16	
157.114319	44.053848	10.254201	4.156353	-0.601832	0.215713	-0.768938	-0.756663	0.153967	0.635418	0.255459	0.964242	0.070560	0.130664	0.066475	0.027633	32	24	43	10	26	36	48	17	35	55	41	27	14	49	28	15	3	45	32	18	6	46	34	25	11	58	54	39	52	63	23	29	21	38	16	50	9	40	22	30	13	33	37	44	31	47	42	5	4	59	51	7	0	56	8	12	1	61	57	53	20	62	60	19	2	
157.114319	44.053848	10.254201	4.156353	-0.601832	0.215713	-0.768938	-0.279272	0.845196	0.455687	0.748201	0.488990	-0.448423	0.130664	0.066475	0.027633	32	46	24	12	30	50	34	15	42	20	48	9	43	45	56	28	14	17	59	0	13	31	60	11	2	36	61	62	19	52	63	37	1	29	47	16	40	33	35	26	23	53	49	27	7	32	57	4	10	51	54	8	21	41	44	5	3	39	58	25	22	38	55	6	18	
157.114319	44.053848	10.254201	4.156353	-0.601832	0.215713	-0.768938	0.798532	0.148017	-0.583471	-0.012047	-0.965173	-0.261335	0.130664	0.066475	0.027633	32	0	15	40	59	6	24	4	58	60	57	37	62	23	36	1	63	14	52	8	47	9	28	20	46	29	44	33	48	2	16	34	53	7	38	27	41	12	42	31	43	19	21	50	54	39	26	17	61	10	13	51	30	32	25	35	49	5	45	22	56	3	18	11	55	
161.370193	113.593620	10.276279	3.728111	-0.657360	0.611814	-0.439956	-0.199422	-0.704244	-0.681375	0.726711	0.360171	-0.584951	0.124461	0.044193	0.017323	0	24	21	45	28	48	51	58	47	38	34	33	25	35	56	41	30	20	12	40	22	60	44	36	11	27	46	13	18	54	50	55	17	0	1	2	3	37	4	63	5	6	26	31	19	32	23	61	29	7	8	9	10	62	49	57	15	14	43	16	42	53	52	59	39	
161.370193	113.593620	10.276279	3.728111	-0.630798	-0.404806	0.661986	-0.576084	0.815857	-0.050045	-0.519828	-0.412928	-0.747843	0.124461	0.044193	0.017323	32	37	42	14	31	44	29	39	40	61	58	23	59	0	1	2	3	53	52	4	35	41	38	34	15	56	62	19	54	28	25	5	6	46	43	22	32	51	12	30	18	47	57	49	55	27	7	16	8	36	50	24	48	45	17	20	33	63	60	9	21	26	10	13	11	
161.370193	113.593620	10.276279	3.728111	-0.630798	-0.404806	0.661986	-0.765123	0.466491	-0.443816	-0.129151	-0.786460	-0.603988	0.124461	0.044193	0.017323	32	40	45	14	32	53	30	37	36	52	61	35	62	0	1	2	3	17	59	22	49	19	44	4	12	21	63	5	47	6	34	7	8	31	38	25	48	41	33	24	28	46	56	54	57	16	9	10	11	39	42	27	55	50	23	20	29	60	58	43	51	26	15	13	18	
100.411507	17.086130	11.583894	3.719368	-0.091571	0.681517	0.726050	-0.543996	-0.644939	0.536770	-0.834076	0.345816	-0.429800	0.125017	0.036584	0.025743	0	52	50	53	45	37	30	34	22	41	15	39	38	54	31	49	18	25	28	42	40	61	35	20	0	60	33	11	29	43	36	14	32	44	16	47	23	51	12	56	27	57	10	59	26	48	9	19	17	62	24	46	21	58	1	13	2	63	3	4	5	55	6	7	8	
100.411507	17.086130	11.583894	3.719368	0.186704	0.566940	0.802322	-0.104031	-0.800681	0.589989	0.976893	-0.193620	-0.090511	0.125017	0.036584	0.025743	32	47	41	23	51	35	0	48	30	60	44	24	57	32	11	8	7	56	46	15	29	39	43	25	19	58	49	55	53	1	12	14	13	31	40	20	52	18	22	36	38	62	27	61	54	2	3	9	10	50	42	34	17	33	16	21	28	59	63	37	45	26	4	5	6	
100.411507	17.086130	11.583894	3.719368	0.186704	0.566940	0.802322	-0.804308	0.557163	-0.206538	-0.564119	-0.606753	0.560019	0.125017	0.036584	0.025743	32	52	37	47	35	19	28	10	25	45	61	27	59	0	1	2	3	39	34	54	23	18	50	33	30	55	49	58	51	4	14	15	5	36	22	48	43	32	24	38	26	62	20	63	41	11	6	7	8	40	46	57	21	17	44	31	29	56	53	42	60	12	9	13	16	
100.411507	17.086130	11.583894	3.719368	0.186704	0.566940	0.802322	0.799753	-0.562016	0.211028	0.570559	0.602259	-0.558343	0.125017	0.036584	0.025743	32	22	57	48	33	27	31	44	17	60	40	53	56	16	13	0	11	43	47	23	37	21	39	26	32	42	63	20	62	1	2	3	12	25	54	35	41	30	34	50	18	51	58	49	55	4	15	14	5	36	46	38	52	24	10	29	19	59	28	61	45	6	7	8	9	
100.411507	17.086130	11.583894	3.719368	0.186704	0.566940	0.802322	0.031778	0.812770	-0.581718	-0.981902	0.134105	0.133731	0.125017	0.036584	0.025743	32	27	33	45	49	21	18	16	34	44	42	62	58	0	1	2	28	53	17	41	29	37	39	20	23	51	61	26	63	8	9	3	4	31	14	48	54	19	24	46	35	56	55	50	60	15	12	11	5	52	22	40	43	25	47	6	36	57	32	38	59	7	10	13	30	
100.411507	17.086130	11.583894	3.719368	0.186704	0.566940	0.802322	0.520457	0.635581	-0.570230	-0.833226	0.524038	-0.176402	0.125017	0.036584	0.025743	32	23	44	28	50	26	24	29	30	22	33	62	63	0	1	10	2	43	32	52	45	27	25	18	13	61	60	41	36	3	8	4	5	46	21	37	57	35	31	17	34	54	58	56	47	6	16	11	12	38	20	42	53	49	40	15	39	51	48	55	59	14	9	7	19	
100.411507	17.086130	11.583894	3.719368	0.186704	0.566940	0.802322	-0.417242	0.785126	-0.457695	-0.889410	-0.249309	0.383138	0.125017	0.036584	0.025743	32	37	18	56	42	10	24	9	29	58	57	46	55	0	1	11	17	47	27	39	28	33	45	23	38	48	54	36	63	2	14	3	4	41	21	52	30	34	20	50	25	53	32	62	61	5	6	13	7	49	44	35	31	15	51	16	26	60	43	40	59	8	22	12	19	
17.272682	101.556618	11.352593	3.653975	-0.765229	-0.385502	0.515570	0.219129	0.597069	0.771680	-0.605315	0.703489	-0.372420	0.318782	0.187597	0.089300	0	50	43	25	39	46	37	38	35	55	23	63	29	12	60	8	19	58	22	27	44	48	11	31	13	59	40	36	57	6	14	0	20	30	21	45	49	26	24	17	51	32	33	61	56	7	53	10	9	42	28	18	54	34	15	5	16	62	41	47	52	1	2	3	4	
17.272682	101.556618	11.352593	3.653975	0.595210	-0.007979	0.803531	0.788852	-0.184704	-0.586171	0.153092	0.982762	-0.103643	0.318782	0.187597	0.089300	32	8	33	43	41	9	54	25	49	42	62	47	6	23	27	10	12	29	40	45	31	55	36	57	5	34	63	37	48	38	20	52	16	35	17	60	26	22	18	32	14	50	56	46	0	21	28	11	3	44	51	30	24	39	53	15	7	61	59	58	19	13	1	4	2	
17.272682	101.556618	11.352593	3.653975	0.595210	-0.007979	0.803531	0.605635	-0.652755	-0.455102	0.528140	0.757527	-0.383694	0.318782	0.187597	0.089300	32	28	21	15	36	41	47	25	40	54	33	57	8	3	13	11	9	32	31	50	45	48	22	52	29	55	62	43	26	42	5	53	7	30	23	63	34	14	20	17	19	58	51	56	0	6	27	4	1	44	37	18	38	59	39	49	16	61	60	46	35	12	2	24	10	
164.602432	55.728836	12.809104	3.772262	-0.701305	-0.290197	-0.651119	0.634208	0.163071	-0.755770	0.325501	-0.942971	0.069683	0.102795	0.025201	0.016162	0	28	21	29	11	60	37	48	42	32	30	34	22	54	45	55	47	20	25	0	1	62	51	15	18	2	27	3	19	49	57	44	36	43	4	17	5	61	52	24	53	40	10	26	41	58	39	33	46	13	6	12	7	63	56	14	8	31	9	23	16	59	50	38	35	
164.602432	55.728836	12.809104	3.772262	-0.590874	0.781635	0.199788	-0.590627	-0.587795	0.552862	0.549570	0.208672	0.808968	0.102795	0.025201	0.016162	32	48	29	57	50	13	25	0	23	60	54	33	46	19	22	1	17	53	44	42	38	30	39	16	21	58	63	26	41	2	3	4	5	51	18	37	49	28	36	15	20	59	55	43	52	9	12	6	14	56	47	31	34	27	35	7	32	62	61	40	45	24	11	8	10	
164.602432	55.728836	12.809104	3.772262	-0.590874	0.781635	0.199788	-0.806669	-0.568596	-0.161198	-0.012399	-0.256410	0.966489	0.102795	0.025201	0.016162	32	32	51	30	55	21	31	0	20	61	46	34	42	22	25	1	2	57	26	43	47	38	18	23	12	62	60	35	37	3	4	5	6	53	36	54	27	29	39	19	17	56	59	52	44	14	24	16	15	28	50	48	49	33	41	13	11	63	58	45	40	7	8	9	10	
33.597649	153.775436	12.554764	3.742587	-0.684332	0.573705	-0.450057	0.000991	-0.616486	-0.787365	0.729169	0.539265	-0.421313	0.229163	0.152124	0.053860	0	6	21	49	17	39	40	38	10	55	31	63	58	52	30	12	0	7	46	29	37	24	23	35	19	8	53	42	28	34	13	51	4	26	22	61	59	36	14	57	3	32	43	50	62	48	11	56	5	44	41	18	20	9	16	60	15	27	54	25	45	33	2	47	1	
33.597649	153.775436	12.554764	3.742587	0.799680	-0.569627	-0.189836	-0.221263	-0.573491	0.788765	-0.558171	-0.588756	-0.584646	0.229163	0.152124	0.053860	32	3	10	38	61	18	39	14	6	56	32	28	57	30	37	0	9	23	26	20	59	31	63	1	8	19	62	54	51	53	45	4	2	15	46	43	17	42	12	36	7	13	60	29	25	5	48	21	55	24	47	41	33	50	22	34	40	58	49	52	11	44	35	27	16	
26.145191	20.858221	13.539693	3.738336	-0.415072	0.387472	0.823153	-0.531866	0.630716	-0.565080	-0.738129	-0.672356	-0.055709	0.197848	0.075683	0.044629	0	59	19	47	31	23	7	27	55	30	45	49	24	43	48	40	56	54	22	8	28	18	44	15	58	62	37	29	5	26	12	4	1	52	41	34	36	25	17	21	35	60	32	46	20	50	10	57	33	61	38	16	9	53	39	11	13	63	42	51	14	6	0	2	3	
26.145191	20.858221	13.539693	3.738336	0.574315	0.791242	0.209997	0.804447	-0.593028	0.034394	0.151748	0.149178	-0.977097	0.197848	0.075683	0.044629	32	33	49	21	43	36	13	39	19	35	59	25	57	12	8	41	24	55	45	27	31	51	34	18	30	26	63	15	61	1	0	2	7	4	48	17	58	40	22	54	14	44	62	29	38	32	9	23	3	11	42	6	56	46	50	37	28	53	60	52	47	16	20	10	5	
26.145191	20.858221	13.539693	3.738336	0.574315	0.791242	0.209997	0.744280	-0.397859	-0.536429	-0.340896	0.464376	-0.817402	0.197848	0.075683	0.044629	32	40	38	33	53	36	20	8	29	35	61	15	60	11	28	25	0	24	21	1	46	52	34	48	56	50	41	45	63	17	3	13	23	2	12	7	51	58	26	37	22	43	57	16	62	31	4	19	5	6	32	27	54	39	44	30	49	42	55	47	59	10	18	14	9	
26.145191	20.858221	13.539693	3.738336	0.574315	0.791242	0.209997	-0.778080	0.607337	-0.160417	-0.254468	-0.071264	0.964452	0.197848	0.075683	0.044629	32	56	17	37	12	34	41	49	46	43	59	58	54	4	11	20	14	48	15	60	3	25	50	27	35	44	28	62	42	0	24	13	29	26	31	51	53	18	9	33	52	47	10	63	36	5	1	6	2	32	8	57	30	16	45	19	39	55	21	61	38	23	40	7	22	
26.145191	20.858221	13.539693	3.738336	0.574315	0.791242	0.209997	-0.578849	0.573897	-0.579289	-0.578874	0.211138	0.787607	0.197848	0.075683	0.044629	32	22	16	44	11	46	48	47	54	51	59	60	45	7	24	6	12	40	10	57	32	37	34	49	38	52	26	61	42	30	23	13	5	35	43	56	33	31	18	17	41	15	36	63	55	0	4	1	20	3	2	50	14	21	58	27	39	25	28	62	53	29	19	8	9	
26.145191	20.858221	13.539693	3.738336	0.574315	0.791242	0.209997	-0.778179	0.448023	0.440129	0.254165	-0.416188	0.873034	0.197848	0.075683	0.044629	32	52	25	37	10	48	28	50	35	57	41	58	43	6	8	24	11	54	7	16	1	23	46	21	56	59	29	61	40	5	13	4	32	47	0	20	31	53	49	36	51	63	38	45	44	17	18	2	9	55	30	34	33	22	14	26	39	60	19	62	42	3	27	15	12	
153.265457	33.363281	13.096628	3.801310	-0.748386	-0.104765	-0.654937	0.290528	0.835897	-0.465692	0.596248	-0.538795	-0.595137	0.102188	0.078921	0.059305	0	43	0	36	19	34	12	39	52	10	27	20	21	31	48	49	38	58	1	50	24	60	61	8	2	41	47	51	13	14	32	45	18	11	3	16	30	62	42	57	26	17	53	56	35	46	4	44	7	15	6	28	33	63	40	59	5	54	29	22	25	37	55	9	23	
153.265457	33.363281	13.096628	3.801310	-0.782889	-0.060370	0.619226	-0.398754	0.812675	-0.424917	-0.477577	-0.579581	-0.660307	0.102188	0.078921	0.059305	32	31	43	13	54	6	46	21	45	11	63	41	51	9	16	12	33	40	23	34	49	15	57	8	44	37	62	20	61	29	27	17	4	50	38	58	18	24	3	35	1	28	56	55	19	26	30	47	7	36	32	10	39	48	2	22	60	53	59	25	52	42	5	14	0	
153.265457	33.363281	13.096628	3.801310	-0.782889	-0.060370	0.619226	0.601051	0.183679	0.777818	-0.160695	0.981131	-0.107515	0.102188	0.078921	0.059305	32	50	6	49	51	0	13	23	40	35	43	41	53	32	8	10	34	55	56	11	20	27	47	12	7	60	33	58	17	29	30	31	24	52	15	48	26	9	45	38	14	59	44	61	16	2	1	62	46	22	36	28	19	57	37	42	5	63	54	39	21	25	3	18	4	
153.265457	33.363281	13.096628	3.801310	-0.782889	-0.060370	0.619226	0.435368	0.657843	0.614572	-0.444455	0.750732	-0.488735	0.102188	0.078921	0.059305	32	39	20	49	56	5	1	23	33	59	17	25	57	19	16	28	42	48	55	24	14	45	43	9	22	62	60	10	46	7	31	4	13	30	29	32	6	2	58	51	26	53	54	50	40	12	0	18	8	27	44	47	41	52	36	11	15	63	61	37	34	21	3	35	38	
153.265457	33.363281	13.096628	3.801310	-0.782889	-0.060370	0.619226	0.548697	-0.536170	0.641447	0.293286	0.841949	0.452886	0.102188	0.078921	0.059305	32	26	9	35	24	47	37	8	50	54	43	44	34	4	7	2	6	28	55	31	42	5	39	18	20	17	53	61	21	3	36	10	56	19	41	45	57	27	15	40	11	63	49	60	25	1	46	30	58	33	12	38	29	48	32	51	22	62	52	59	14	16	23	13	0	
153.265457	33.363281	13.096628	3.801310	-0.782889	-0.060370	0.619226	-0.621611	0.034046	-0.782586	0.026163	-0.997595	-0.064181	0.102188	0.078921	0.059305	32	33	39	22	19	13	42	34	58	10	47	56	63	0	12	5	21	37	48	16	55	17	32	28	8	11	61	25	57	62	59	29	1	31	20	52	53	7	24	50	14	27	60	41	45	46	38	30	9	40	51	4	44	49	18	23	2	54	36	43	35	15	3	6	26	
77.447922	11.937675	14.424985	3.898008	-0.137230	0.729505	0.670067	-0.384476	-0.662658	0.642699	-0.912878	0.169427	-0.371414	0.189935	0.084644	0.052406	0	52	13	27	10	40	41	30	57	29	16	61	25	8	22	37	50	24	5	18	49	51	43	20	31	58	44	35	26	53	34	9	0	47	32	54	15	56	17	46	19	39	45	48	7	59	42	38	11	60	1	23	2	63	12	4	3	55	6	36	21	62	28	33	14	
77.447922	11.937675	14.424985	3.898008	-0.014910	0.594439	0.804002	0.183168	-0.788861	0.586641	0.982968	0.156015	-0.097121	0.189935	0.084644	0.052406	32	22	55	10	44	43	16	9	53	56	59	34	62	11	8	0	20	31	36	25	33	17	50	18	39	57	63	38	51	1	3	2	5	37	30	52	42	12	29	23	32	48	60	46	45	27	4	21	6	61	24	19	13	40	35	47	26	54	49	41	58	15	14	28	7	
77.447922	11.937675	14.424985	3.898008	-0.014910	0.594439	0.804002	-0.813273	0.460576	-0.355609	-0.581692	-0.659175	0.476574	0.189935	0.084644	0.052406	32	0	39	62	51	25	23	40	12	59	15	49	52	24	7	35	28	55	42	34	14	33	36	29	10	56	48	57	58	3	20	11	13	38	37	43	17	31	30	47	21	53	54	61	22	9	4	8	1	26	19	46	45	50	41	27	18	63	44	60	32	16	6	5	2	
23.786966	146.379745	14.653157	3.766358	-0.407070	0.651142	0.640553	0.794280	-0.093931	0.600247	0.451014	0.753121	-0.478953	0.464437	0.396324	0.270098	0	9	3	14	26	53	45	28	58	19	51	52	44	0	15	6	7	27	11	55	56	42	31	12	24	16	43	47	4	37	39	23	1	38	25	54	50	22	5	57	10	59	17	40	46	21	2	49	8	35	36	32	48	62	20	34	61	29	18	60	63	13	30	41	33	
23.786966	146.379745	14.653157	3.766358	-0.200300	0.780173	0.592630	0.126967	-0.579118	0.805296	0.971473	0.236545	0.016942	0.464437	0.396324	0.270098	32	39	15	2	48	26	17	30	59	61	57	35	45	40	34	19	24	27	44	16	23	38	60	6	10	31	56	51	36	58	5	53	25	3	28	21	7	54	22	50	14	13	12	46	47	55	9	33	52	32	4	49	0	62	20	29	1	43	42	37	8	63	41	11	18	
23.786966	146.379745	14.653157	3.766358	-0.200300	0.780173	0.592630	-0.008462	0.603489	-0.797327	-0.979698	-0.164720	-0.114277	0.464437	0.396324	0.270098	32	2	42	7	32	0	54	26	61	9	33	46	52	10	15	36	63	5	22	21	13	18	51	6	55	45	37	23	14	47	34	11	56	30	12	50	16	19	8	59	41	35	57	49	40	24	53	4	58	39	3	17	38	60	29	1	27	43	28	48	62	20	25	31	44	
23.786966	146.379745	14.653157	3.766358	-0.200300	0.780173	0.592630	-0.785718	0.233424	-0.572853	-0.585259	-0.580383	0.566241	0.464437	0.396324	0.270098	32	5	14	11	45	0	12	39	60	17	31	24	32	29	42	47	63	10	30	54	1	2	58	26	22	20	48	49	27	15	16	51	57	28	4	36	21	35	3	61	33	50	18	55	34	23	9	41	37	46	38	13	7	40	56	53	6	43	52	59	62	8	44	25	19	
23.786966	146.379745	14.653157	3.766358	-0.200300	0.780173	0.592630	-0.520057	-0.597301	0.610550	0.830314	-0.185908	0.525374	0.464437	0.396324	0.270098	32	54	12	1	30	24	3	26	59	58	19	18	46	51	15	56	10	21	40	7	37	53	41	8	52	55	45	62	50	27	9	22	44	16	5	43	17	36	0	61	13	28	11	29	35	47	25	63	42	33	23	20	4	60	48	39	2	57	49	32	14	38	31	34	6	
23.786966	146.379745	14.653157	3.766358	-0.017422	-0.601787	-0.798467	-0.009912	0.798653	-0.601711	0.999799	-0.002568	-0.019879	0.464437	0.396324	0.270098	32	45	10	55	7	37	44	36	52	2	29	54	50	4	49	8	40	15	33	47	57	18	62	56	48	34	51	53	13	12	22	28	24	6	0	61	14	60	20	59	30	26	3	63	19	27	1	46	9	38	39	58	11	31	42	41	17	43	23	32	5	21	16	25	35	
23.786966	146.379745	14.653157	3.766358	-0.017422	-0.601787	-0.798467	-0.088258	-0.794545	0.600757	-0.995945	0.080937	-0.039270	0.464437	0.396324	0.270098	32	11	61	40	37	19	49	38	29	4	34	27	46	31	21	15	24	16	54	0	9	36	55	28	59	26	63	3	25	13	45	1	22	58	56	18	6	35	60	62	17	7	48	53	33	20	32	23	8	10	43	12	52	50	41	51	39	47	57	30	2	42	14	44	5	
23.786966	146.379745	14.653157	3.766358	-0.017422	-0.601787	-0.798467	-0.683467	0.590044	-0.429791	0.729773	0.538238	-0.421581	0.464437	0.396324	0.270098	32	5	6	23	19	31	38	43	59	3	7	25	60	2	29	28	51	52	18	34	39	62	58	37	49	36	47	45	54	22	32	9	24	11	10	63	26	42	17	61	30	20	0	57	13	14	1	55	15	40	44	46	48	53	21	33	35	50	4	41	8	16	27	12	56	
167.251892	120.187744	15.364210	3.880080	-0.959552	0.225582	-0.168441	0.125818	-0.191624	-0.973370	0.251853	0.955193	-0.155491	0.135104	0.050090	0.041586	0	15	49	14	27	59	55	51	19	25	48	11	47	43	40	54	31	0	1	10	12	60	58	57	23	26	17	30	41	42	36	56	46	2	3	4	5	35	18	63	33	34	28	38	37	39	20	45	32	22	6	7	8	62	61	29	24	52	16	21	9	50	44	13	53	
167.251892	120.187744	15.364210	3.880080	-0.873364	0.449836	-0.186772	-0.396806	-0.434751	0.808416	0.282455	0.780153	0.558194	0.135104	0.050090	0.041586	32	51	57	10	43	13	7	22	52	56	50	38	45	36	16	18	32	44	60	4	27	37	24	34	26	59	62	47	19	40	14	0	5	54	35	20	41	46	8	49	30	61	48	31	39	23	6	9	17	58	33	28	21	29	15	25	12	63	53	55	42	11	1	2	3	
167.251892	120.187744	15.364210	3.880080	-0.873364	0.449836	-0.186772	0.152031	0.616070	0.772881	0.462734	0.646611	-0.606442	0.135104	0.050090	0.041586	32	5	56	42	48	30	36	43	14	54	61	24	59	8	41	12	0	39	58	7	38	23	33	17	25	52	63	37	57	1	2	3	4	6	60	34	44	16	13	51	10	26	55	45	47	15	40	28	18	31	49	50	29	46	35	27	19	53	62	22	32	21	20	9	11	
21.736912	157.299164	16.809839	3.698666	-0.031746	-0.332561	-0.942547	-0.713980	-0.652380	0.254229	-0.699446	0.681031	-0.216731	0.689908	0.484078	0.287754	0	3	22	60	4	28	46	59	34	21	31	50	56	8	42	16	27	26	54	13	49	14	11	30	32	5	61	17	24	23	41	39	20	12	0	15	53	52	43	36	63	55	25	38	45	47	10	51	57	6	2	37	29	58	18	48	33	62	9	40	19	35	7	1	44	
21.736912	157.299164	16.809839	3.698666	0.374892	0.424564	-0.824137	0.271071	0.799920	0.535396	0.886554	-0.424115	0.184796	0.689908	0.484078	0.287754	32	26	11	45	18	9	37	60	54	25	57	48	38	6	4	7	30	3	34	41	39	17	61	44	16	42	52	51	20	29	19	5	2	0	21	55	56	36	47	53	59	23	40	58	24	46	8	27	28	32	14	13	15	63	62	35	10	50	31	33	43	49	12	1	22	
21.736912	157.299164	16.809839	3.698666	0.374892	0.424564	-0.824137	-0.232323	-0.817579	-0.526868	-0.897487	0.388985	-0.207867	0.689908	0.484078	0.287754	32	18	15	6	36	13	24	59	63	42	27	35	51	22	5	12	50	60	47	20	0	58	55	45	34	30	57	40	11	32	28	7	46	41	37	33	3	8	44	62	19	16	52	53	43	1	9	26	25	23	48	14	21	54	61	38	17	39	49	56	31	29	4	2	10	
21.736912	157.299164	16.809839	3.698666	0.374892	0.424564	-0.824137	0.489433	-0.845628	-0.212998	-0.787344	-0.323509	-0.524815	0.689908	0.484078	0.287754	32	53	22	7	14	34	12	0	62	29	28	41	51	27	20	1	47	54	8	6	30	45	35	42	63	59	36	31	38	5	2	46	16	18	15	24	23	39	44	57	37	50	55	43	33	17	3	11	21	60	9	25	19	61	52	26	56	32	48	40	49	13	58	4	10	
21.736912	157.299164	16.809839	3.698666	0.374892	0.424564	-0.824137	-0.554991	0.814855	0.167323	0.742591	0.394661	0.541112	0.689908	0.484078	0.287754	32	14	23	7	60	57	36	48	62	51	29	50	35	8	3	59	11	28	20	27	13	41	56	30	44	31	38	55	52	19	9	5	16	33	10	15	49	63	26	47	40	45	34	37	58	22	39	1	4	21	2	25	54	61	0	12	42	53	32	18	46	43	6	24	17	
21.736912	157.299164	16.809839	3.698666	0.141561	0.768539	0.623945	-0.066276	-0.621521	0.780589	0.987709	-0.151853	-0.037047	0.689908	0.484078	0.287754	32	1	18	27	37	8	38	56	36	20	47	46	32	19	24	41	15	35	45	13	12	61	59	54	34	10	60	3	50	7	11	44	43	40	30	31	25	29	16	58	17	33	6	55	0	5	28	48	39	9	26	4	42	52	51	53	62	57	63	49	22	2	23	14	21	
21.736912	157.299164	16.809839	3.698666	0.141561	0.768539	0.623945	0.194920	0.596313	-0.778727	-0.970550	0.231857	-0.065389	0.689908	0.484078	0.287754	32	41	0	35	17	63	33	58	53	22	44	62	60	13	12	31	10	24	27	21	40	25	57	29	37	3	54	7	38	46	39	23	11	8	15	30	48	28	51	55	61	50	1	59	4	49	36	19	14	47	26	2	5	32	56	34	6	43	45	42	18	16	52	9	20	
21.736912	157.299164	16.809839	3.698666	0.141561	0.768539	0.623945	0.636346	0.412168	-0.652059	-0.758303	0.489351	-0.430710	0.689908	0.484078	0.287754	32	14	0	47	38	58	29	61	62	23	40	49	63	5	35	17	27	19	25	16	15	55	57	34	30	32	60	8	50	37	21	1	24	4	13	41	43	10	22	52	54	20	7	59	46	39	11	6	45	56	33	26	36	53	42	2	9	48	28	12	18	51	44	3	31	
89.610443	18.096880	17.206661	3.828428	-0.337490	0.350511	-0.873637	-0.534557	-0.835288	-0.128623	-0.774822	0.423600	0.469270	0.144190	0.021519	0.014026	0	40	14	35	45	55	34	53	51	37	19	58	43	48	23	39	26	54	20	50	29	49	52	12	18	59	44	31	33	42	36	0	25	57	15	56	32	41	21	38	28	61	11	47	27	46	16	30	24	62	1	22	2	60	13	3	4	63	5	17	6	7	8	9	10	
89.610443	18.096880	17.206661	3.828428	0.348059	0.562197	0.750193	-0.007824	-0.798459	0.601998	0.937440	-0.215401	-0.273512	0.144190	0.021519	0.014026	32	32	40	24	34	36	14	23	46	57	55	45	56	0	1	2	3	41	42	25	29	49	30	31	22	52	58	50	59	4	5	6	7	35	37	33	51	19	10	27	28	54	61	53	60	16	8	13	9	43	47	26	39	48	21	17	20	63	62	44	38	18	12	15	11	
89.610443	18.096880	17.206661	3.828428	0.348059	0.562197	0.750193	-0.420749	0.808786	-0.410896	-0.837750	-0.172627	0.518049	0.144190	0.021519	0.014026	32	32	23	55	30	21	11	36	35	51	52	63	57	10	12	17	18	37	45	42	40	22	41	13	19	53	54	58	59	9	16	0	1	25	39	43	29	14	28	47	38	50	49	62	56	2	3	15	4	48	20	27	31	34	26	24	33	60	44	61	46	5	6	7	8	
38.112999	163.709808	18.074419	3.746485	-0.343697	0.298893	0.890244	-0.274624	-0.938544	0.209085	0.898028	-0.172621	0.404658	0.213890	0.148756	0.123793	0	22	56	19	49	10	5	54	1	7	27	43	57	35	13	51	24	47	60	36	33	40	41	16	8	46	25	48	45	59	30	32	17	18	12	31	55	38	0	61	26	21	52	63	28	15	14	23	2	62	34	44	6	37	20	42	9	58	53	50	39	29	3	11	4	
38.112999	163.709808	18.074419	3.746485	-0.374943	-0.829642	0.413657	0.762330	-0.529832	-0.371660	0.527514	0.175992	0.831118	0.213890	0.148756	0.123793	32	30	28	37	4	49	59	27	42	29	57	62	18	14	23	6	8	52	55	44	12	5	36	25	26	38	22	43	0	60	45	21	3	50	24	47	11	56	33	34	19	35	41	61	31	40	15	51	2	54	16	58	1	46	13	53	9	63	7	10	32	48	39	17	20	
38.112999	163.709808	18.074419	3.746485	-0.374943	-0.829642	0.413657	0.783756	-0.045370	0.619410	-0.495121	0.556450	0.667247	0.213890	0.148756	0.123793	32	46	55	48	35	23	18	37	38	59	36	5	4	8	62	1	22	50	58	12	31	47	14	34	28	6	63	25	2	10	54	20	30	21	24	9	33	29	44	45	61	57	43	19	60	15	17	3	27	40	51	13	7	52	56	11	26	49	41	53	32	42	39	16	0	
38.112999	163.709808	18.074419	3.746485	-0.374943	-0.829642	0.413657	0.041278	-0.460707	-0.886592	0.926128	-0.315347	0.206985	0.213890	0.148756	0.123793	32	36	13	51	3	45	53	30	42	58	18	59	26	22	14	56	1	27	7	35	57	44	49	31	39	24	8	62	46	52	11	15	9	32	6	48	40	47	2	63	33	43	34	37	41	54	5	25	12	60	17	50	19	28	21	4	38	55	0	29	23	61	16	20	10	
38.112999	163.709808	18.074419	3.746485	-0.374943	-0.829642	0.413657	-0.335706	0.537435	0.773606	-0.864129	0.151191	-0.480023	0.213890	0.148756	0.123793	32	13	52	30	58	40	22	28	17	21	10	3	63	12	7	27	56	14	42	0	49	18	59	29	50	54	47	34	38	8	39	5	46	53	37	16	51	44	23	41	35	11	61	6	32	2	24	9	60	4	36	31	19	43	20	62	45	15	57	55	48	1	26	25	33	
152.819031	26.838007	20.374268	3.814778	-0.586373	0.619347	-0.522088	0.349905	-0.387627	-0.852826	0.730570	0.682755	-0.010581	0.147804	0.048300	0.032374	0	39	35	54	47	49	19	41	48	33	46	30	31	45	55	10	52	29	14	26	24	60	36	59	18	28	50	56	42	43	15	38	13	17	0	1	2	62	27	57	23	51	12	53	11	58	34	44	40	3	4	5	6	63	7	32	8	25	37	9	16	61	20	21	22	
152.819031	26.838007	20.374268	3.814778	-0.478393	0.213604	0.851771	-0.405081	0.806922	-0.429869	-0.779134	-0.550682	-0.299499	0.147804	0.048300	0.032374	32	20	29	15	52	21	51	17	33	61	30	43	54	0	11	22	1	40	26	35	50	19	41	25	38	59	58	37	53	2	10	3	4	56	18	36	34	57	5	31	23	49	62	55	47	27	13	12	6	46	44	28	16	39	24	45	32	60	63	42	48	7	8	9	14	
17.476305	114.978523	23.613119	3.705721	-0.873245	0.481268	0.076318	0.276976	0.361376	0.890333	-0.400909	-0.798617	0.448869	0.223598	0.087474	0.047536	0	23	42	44	36	52	21	34	11	53	47	63	20	16	28	0	1	43	17	49	29	41	22	55	19	56	58	60	32	14	12	18	2	38	46	54	35	15	13	45	27	31	39	61	59	3	4	5	6	24	40	50	25	30	33	26	48	57	51	62	37	7	8	9	10	
17.476305	114.978523	23.613119	3.705721	0.807431	-0.410612	0.423620	0.559600	0.760431	-0.329534	-0.186823	0.503133	0.843774	0.223598	0.087474	0.047536	32	23	34	43	22	38	35	50	18	58	47	61	45	0	17	1	2	44	57	39	56	24	26	27	12	63	60	42	33	36	19	3	4	40	28	37	31	5	20	48	46	54	51	52	49	6	16	7	13	55	32	53	15	30	29	25	8	62	59	41	21	9	14	10	11	
17.476305	114.978523	23.613119	3.705721	0.807431	-0.410612	0.423620	-0.212825	0.466969	0.858281	-0.550237	-0.783159	0.289656	0.223598	0.087474	0.047536	32	36	50	56	57	26	24	11	22	38	63	34	61	0	35	1	19	53	55	17	33	25	30	2	31	37	62	21	59	3	4	5	13	42	27	23	40	48	39	18	32	60	58	41	47	6	12	7	16	44	45	28	29	49	8	43	20	52	54	46	51	9	10	14	15	
17.476305	114.978523	23.613119	3.705721	0.807431	-0.410612	0.423620	-0.552053	-0.272614	0.787984	-0.208071	-0.870103	-0.446797	0.223598	0.087474	0.047536	32	14	57	40	60	19	25	0	24	21	30	54	62	1	2	3	15	34	32	38	31	35	37	46	27	41	63	42	48	10	4	5	6	45	26	58	33	29	23	20	44	39	61	47	59	7	13	8	43	28	50	17	56	36	49	16	18	55	53	51	52	11	9	12	22	
10.382110	165.399033	25.892408	3.814898	-0.210715	-0.878365	-0.429039	-0.190449	-0.393596	0.899339	-0.958816	0.271214	-0.084348	0.449189	0.330391	0.186287	0	14	27	11	3	47	34	54	61	9	15	52	46	2	31	24	50	35	7	8	17	48	32	63	57	51	59	5	42	12	10	40	19	60	1	49	25	6	22	53	26	44	0	56	4	62	16	38	33	45	13	21	20	58	43	30	29	39	18	37	41	28	36	55	23	
10.382110	165.399033	25.892408	3.814898	-0.744531	-0.291182	-0.600738	-0.455612	-0.436090	0.776043	-0.487946	0.851492	0.192017	0.449189	0.330391	0.186287	32	9	5	15	27	51	21	49	57	36	2	1	52	43	59	8	34	13	16	11	48	63	55	10	0	18	41	47	38	40	44	3	22	14	4	50	24	32	26	58	46	62	45	17	28	31	19	20	54	7	6	30	61	56	37	25	29	33	23	39	53	60	42	12	35	
10.382110	165.399033	25.892408	3.814898	-0.744531	-0.291182	-0.600738	0.608601	0.073780	-0.790039	0.274368	-0.953818	0.122282	0.449189	0.330391	0.186287	32	41	25	15	16	8	40	46	54	33	51	42	58	13	49	37	47	7	44	2	29	39	59	21	36	31	1	63	5	57	52	32	14	61	6	11	12	3	4	62	53	27	48	38	20	26	19	50	35	30	43	0	10	45	34	24	60	55	17	22	23	28	9	56	18	
161.168671	29.473829	26.777744	3.682332	-0.613143	0.739299	-0.278373	0.499303	0.089608	-0.861781	0.612170	0.667388	0.424077	0.181643	0.066392	0.023853	0	44	35	52	31	58	23	43	55	40	6	46	48	34	45	30	38	15	26	10	18	61	42	47	24	49	19	22	13	57	27	32	39	14	0	11	4	62	37	21	41	51	53	54	29	56	25	5	9	12	2	33	8	63	50	16	3	36	1	20	7	60	59	17	28	
161.168671	29.473829	26.777744	3.682332	-0.382492	0.448441	0.807837	-0.795864	0.284241	-0.534609	-0.469361	-0.847412	0.248178	0.181643	0.066392	0.023853	32	41	21	50	45	24	14	32	29	60	49	22	57	30	19	12	17	55	36	13	16	46	48	28	18	62	59	37	34	0	6	1	8	26	35	25	42	38	11	31	53	56	61	52	44	7	9	5	27	47	33	54	39	51	23	20	40	63	58	43	15	10	2	3	4	
161.168671	29.473829	26.777744	3.682332	-0.382492	0.448441	0.807837	0.746129	-0.365780	0.556324	0.544969	0.815540	-0.194686	0.181643	0.066392	0.023853	32	40	55	28	46	42	20	31	49	19	32	45	63	0	1	2	3	43	25	37	24	52	27	13	41	51	50	61	59	26	10	4	5	16	17	36	56	6	30	48	47	38	35	58	62	11	7	8	9	44	53	21	39	34	29	14	22	57	23	54	60	18	15	12	33	
29.343281	160.588562	26.057476	3.801203	-0.126301	-0.523025	0.842907	-0.635580	0.695060	0.336050	-0.761634	-0.493292	-0.420211	0.288784	0.103895	0.086893	0	60	22	39	23	43	17	37	52	55	32	19	59	44	0	24	16	27	6	35	38	41	25	10	56	61	18	21	46	12	8	42	33	49	30	34	40	48	1	53	51	45	4	63	58	36	2	15	5	54	3	47	31	57	11	14	26	62	13	20	50	28	7	9	29	
29.343281	160.588562	26.057476	3.801203	0.574103	0.603141	0.553739	0.791985	-0.580668	-0.188639	0.207763	0.546851	-0.811041	0.288784	0.103895	0.086893	32	0	29	3	52	46	53	25	26	14	44	1	62	45	33	20	12	16	34	22	60	39	61	18	7	11	63	30	58	38	47	8	4	5	24	23	40	42	57	49	9	37	59	27	55	10	21	15	6	56	35	28	36	50	43	13	17	48	31	41	54	32	51	2	19	
29.343281	160.588562	26.057476	3.801203	0.574103	0.603141	0.553739	-0.412279	-0.371364	0.831935	0.707412	-0.705911	0.035461	0.288784	0.103895	0.086893	32	31	34	8	16	55	5	42	48	60	47	45	38	13	4	17	14	35	52	20	9	43	29	49	25	51	62	19	0	30	2	44	10	39	41	56	32	27	7	57	6	23	54	46	33	40	26	50	3	36	53	18	21	59	1	58	24	63	61	15	22	28	11	37	12	
29.343281	160.588562	26.057476	3.801203	0.574103	0.603141	0.553739	0.420506	-0.797483	0.432660	0.702553	-0.015541	-0.711462	0.288784	0.103895	0.086893	32	13	29	8	43	59	24	31	34	45	57	0	54	39	9	3	18	16	53	12	23	58	56	50	1	28	63	4	46	36	19	22	14	11	35	27	33	52	40	49	10	44	62	37	42	26	21	17	5	47	55	38	48	61	15	6	2	41	32	25	51	60	30	7	20	
29.343281	160.588562	26.057476	3.801203	0.574103	0.603141	0.553739	-0.779107	0.194436	0.595976	0.251790	-0.773573	0.581537	0.288784	0.103895	0.086893	32	38	29	18	40	30	9	53	50	61	37	49	41	24	0	36	25	31	35	23	10	27	34	57	32	58	44	48	3	15	13	33	8	56	46	42	39	17	5	60	1	43	47	51	22	14	12	62	7	54	19	2	11	45	6	59	52	63	28	26	4	20	16	55	21	
10.763960	60.237896	28.689344	3.716681	-0.302306	0.891397	0.337673	-0.209632	-0.407747	0.888705	-0.929874	-0.197874	-0.310129	0.161725	0.091055	0.044692	0	26	7	54	40	48	24	50	5	46	25	57	47	58	20	15	0	43	18	33	36	38	41	34	10	44	53	59	45	9	35	30	19	55	27	52	28	32	51	31	39	62	8	61	37	16	1	29	2	49	21	56	22	42	11	23	14	63	17	60	13	12	4	6	3	
10.763960	60.237896	28.689344	3.716681	0.199230	0.409633	0.890229	0.591201	-0.774741	0.224183	0.781530	0.481640	-0.396527	0.161725	0.091055	0.044692	32	41	53	7	61	28	11	2	39	55	38	14	42	25	16	26	21	31	43	40	37	29	44	9	20	62	58	54	32	10	13	17	5	60	34	23	8	52	3	6	36	51	49	56	24	19	4	27	12	47	45	57	48	46	15	35	0	63	59	33	50	30	18	22	1	
41.285488	170.924911	28.552547	3.621433	-0.174020	0.004019	0.984734	-0.651832	0.749088	-0.118247	-0.738128	-0.662458	-0.127736	0.190112	0.030743	0.026922	0	39	23	33	25	52	19	50	47	42	51	41	45	31	26	24	34	57	38	29	32	44	21	27	22	58	37	56	20	46	17	0	1	59	2	49	48	35	15	36	30	53	18	61	3	54	4	43	5	63	6	55	7	40	16	8	9	60	10	28	11	62	12	13	14	
41.285488	170.924911	28.552547	3.621433	0.059946	0.781176	0.621427	0.177644	-0.620957	0.763449	0.982267	0.064627	-0.175994	0.190112	0.030743	0.026922	32	30	47	20	18	25	48	21	16	62	58	33	26	37	39	0	1	38	55	15	22	40	44	24	13	63	52	43	35	2	3	4	5	36	34	42	29	41	27	46	17	53	59	51	32	28	56	6	7	57	45	23	11	60	14	31	12	50	49	54	61	19	10	8	9	
41.285488	170.924911	28.552547	3.621433	0.059946	0.781176	0.621427	0.822306	-0.391566	0.412902	0.565879	0.486252	-0.665838	0.190112	0.030743	0.026922	32	26	38	14	37	33	49	25	52	63	58	29	32	16	15	0	1	18	61	2	39	19	51	11	12	48	57	43	60	3	17	4	5	41	40	28	23	42	50	27	22	53	62	20	34	6	56	13	7	46	44	35	30	36	31	45	21	59	54	47	55	8	24	9	10	
10.952971	48.237740	29.445295	3.750022	-0.793084	-0.258376	-0.551597	-0.030816	-0.887396	0.459977	-0.608333	0.381799	0.695817	0.229137	0.107366	0.087110	0	41	2	53	17	32	9	47	44	50	26	63	16	8	20	29	6	38	3	52	5	42	45	11	13	61	18	60	7	36	22	10	12	23	35	57	49	24	19	55	4	54	39	58	14	27	33	48	37	43	15	56	30	51	21	31	28	62	34	59	25	46	0	40	1	
10.952971	48.237740	29.445295	3.750022	0.807649	-0.025148	0.589127	-0.589128	0.008137	0.807999	-0.025114	-0.999651	-0.008243	0.229137	0.107366	0.087110	32	45	38	18	24	17	40	22	34	49	43	47	62	13	0	21	20	28	56	23	30	2	44	15	26	50	61	63	57	25	12	16	7	54	36	9	11	41	29	33	19	59	35	51	48	8	5	6	53	55	32	52	37	27	10	14	1	60	42	39	31	46	58	4	3	
10.952971	48.237740	29.445295	3.750022	0.807649	-0.025148	0.589127	0.583665	0.176236	-0.792639	-0.083892	0.984027	0.157015	0.229137	0.107366	0.087110	32	37	53	35	56	0	13	11	33	22	29	27	59	14	19	57	45	25	10	44	46	30	23	24	42	54	55	43	60	32	41	3	4	39	20	58	28	18	16	34	1	52	63	61	51	5	26	40	12	21	9	48	47	31	8	38	6	62	49	36	50	7	17	2	15	
13.147238	34.861019	36.337849	4.240836	-0.814241	0.580113	0.021930	-0.160505	-0.261265	0.951829	-0.557897	-0.771499	-0.305844	0.183995	0.047219	0.017430	0	48	34	50	16	51	38	8	39	61	43	36	28	6	20	5	9	55	35	49	37	26	47	11	30	58	29	57	46	24	40	7	14	59	19	44	22	42	18	15	21	62	33	56	0	31	13	1	2	60	27	54	12	52	17	32	10	63	41	53	23	45	3	25	4	
13.147238	34.861019	36.337849	4.240836	-0.776262	0.216366	-0.592118	0.422722	0.875452	-0.234286	0.467679	-0.432169	-0.771042	0.183995	0.047219	0.017430	32	15	50	0	33	42	58	1	53	47	17	24	14	37	54	2	52	3	4	5	35	59	63	32	46	48	30	22	44	49	56	21	40	26	28	20	10	61	57	18	23	31	43	36	25	34	51	11	45	6	7	8	9	62	60	12	16	38	29	19	27	39	55	13	41	
13.147238	34.861019	36.337849	4.240836	-0.776262	0.216366	-0.592118	0.594423	0.564022	-0.573185	0.209950	-0.796910	-0.566441	0.183995	0.047219	0.017430	32	0	24	1	44	34	56	2	60	49	19	14	3	25	47	16	59	4	5	6	41	58	62	27	54	43	33	28	38	39	45	37	51	21	35	15	26	42	61	18	53	46	23	31	36	30	48	17	52	7	8	13	9	57	63	10	11	32	20	22	29	40	50	12	55	
13.147238	34.861019	36.337849	4.240836	-0.776262	0.216366	-0.592118	-0.218871	0.788333	0.575002	0.591197	0.575949	-0.564596	0.183995	0.047219	0.017430	32	35	18	23	16	61	49	42	19	25	36	47	31	48	53	29	17	26	44	0	1	56	60	34	2	20	3	50	15	46	59	24	13	4	5	6	14	63	7	57	8	22	30	32	21	51	55	40	9	10	43	11	12	62	54	58	27	33	37	41	28	45	52	39	38	
13.147238	34.861019	36.337849	4.240836	-0.776262	0.216366	-0.592118	-0.559462	0.196458	0.805237	0.290552	0.956342	-0.031455	0.183995	0.047219	0.017430	32	13	10	17	12	37	15	62	18	48	23	16	40	54	42	41	20	51	25	19	0	59	49	52	1	14	9	44	43	55	36	45	11	2	3	4	5	56	6	63	34	31	22	46	24	57	32	33	21	29	38	7	8	61	47	58	35	30	26	50	27	60	28	53	39	
13.147238	34.861019	36.337849	4.240836	0.802475	-0.566358	0.187807	0.448288	0.779979	0.436659	-0.393791	-0.266216	0.879805	0.183995	0.047219	0.017430	32	58	26	30	40	45	13	11	46	52	54	8	24	27	37	14	29	56	31	39	21	42	36	44	47	63	62	0	19	1	7	2	10	57	38	15	33	23	32	17	48	53	49	18	12	51	41	20	35	60	50	16	3	55	25	34	22	61	59	4	5	43	9	28	6	
14.222180	163.898193	36.598202	3.642537	-0.241300	-0.577768	0.779717	-0.666661	0.682558	0.299461	-0.705222	-0.447547	-0.549876	0.593467	0.259092	0.180826	0	55	14	8	34	38	13	23	61	48	1	47	60	33	2	9	30	52	56	25	59	3	11	29	35	57	16	22	46	37	18	32	26	15	4	39	50	31	24	51	44	43	53	54	36	20	12	10	6	63	5	41	17	49	42	19	45	62	7	40	58	21	27	0	28	
14.222180	163.898193	36.598202	3.642537	0.176308	-0.592009	-0.786410	0.820291	-0.353242	0.449825	-0.544093	-0.724393	0.423340	0.593467	0.259092	0.180826	32	6	38	15	23	40	63	4	52	32	25	39	51	59	11	24	8	43	45	29	21	26	61	0	42	57	22	41	19	44	33	10	2	54	7	37	3	62	50	27	48	55	14	58	31	30	49	9	35	46	28	1	5	53	47	13	34	56	60	18	12	17	20	16	36	
14.222180	163.898193	36.598202	3.642537	0.176308	-0.592009	-0.786410	-0.012000	-0.800159	0.599668	-0.984262	-0.096289	-0.148179	0.593467	0.259092	0.180826	32	36	23	44	7	19	54	30	59	39	47	34	24	13	42	3	20	1	50	12	43	2	60	0	46	31	57	5	51	17	35	25	15	22	18	10	55	4	62	6	63	37	33	56	38	28	61	16	11	53	45	8	9	40	49	52	26	58	27	29	14	32	48	21	41	
14.222180	163.898193	36.598202	3.642537	0.176308	-0.592009	-0.786410	0.189771	0.804380	-0.562992	0.965869	-0.049978	0.254165	0.593467	0.259092	0.180826	32	6	16	43	50	29	53	55	40	3	37	24	61	49	28	38	23	48	17	19	8	63	15	57	0	33	56	31	32	5	13	62	26	42	10	47	1	46	14	59	12	54	7	58	27	20	22	35	18	2	39	45	34	60	36	52	11	21	30	51	41	25	9	44	4	
14.222180	163.898193	36.598202	3.642537	0.176308	-0.592009	-0.786410	0.808697	0.542593	-0.227159	0.561181	-0.595918	0.574420	0.593467	0.259092	0.180826	32	18	25	47	22	63	33	61	21	24	31	53	59	39	41	40	6	16	17	20	34	58	60	49	8	38	32	36	45	29	15	50	3	30	7	46	0	51	35	43	12	52	37	48	27	28	26	10	54	57	13	5	14	62	19	23	1	56	4	55	11	42	2	44	9	
14.222180	163.898193	36.598202	3.642537	0.788814	0.019039	0.614337	0.378203	-0.802926	-0.460731	0.484495	0.595775	-0.640559	0.593467	0.259092	0.180826	32	8	25	36	63	34	59	21	41	45	56	43	32	37	11	33	0	14	27	48	44	38	57	22	24	58	51	42	15	20	12	39	16	40	5	62	46	54	9	29	7	31	1	61	47	50	28	18	10	3	30	26	60	55	19	6	13	23	53	17	52	35	49	2	4	
14.222180	163.898193	36.598202	3.642537	0.788814	0.019039	0.614337	-0.603671	0.211929	0.768549	-0.115563	-0.977100	0.178666	0.593467	0.259092	0.180826	32	54	33	25	14	16	11	55	35	30	63	39	13	4	8	41	7	49	62	19	57	31	26	50	38	5	59	46	20	0	28	52	48	36	60	27	9	10	22	53	21	37	15	58	44	29	24	40	12	45	32	23	1	56	2	61	17	51	42	47	43	18	34	6	3	
14.222180	163.898193	36.598202	3.642537	0.788814	0.019039	0.614337	0.596311	-0.265931	-0.757426	0.148951	0.963804	-0.221124	0.593467	0.259092	0.180826	32	0	23	33	45	16	61	3	56	41	50	40	51	2	8	34	12	19	31	57	32	18	53	25	11	46	59	10	38	15	35	21	27	58	20	62	47	44	48	26	22	24	42	60	7	49	52	30	1	13	36	28	54	39	55	9	17	14	37	63	29	4	43	6	5	
10.903246	35.730816	37.432224	3.782382	-0.506068	0.859799	-0.068117	-0.223810	-0.054639	0.973100	-0.832949	-0.507700	-0.220083	0.169710	0.044787	0.024139	0	50	40	51	28	43	35	12	45	55	27	46	29	33	36	14	31	57	48	32	44	18	42	9	20	58	22	41	19	30	53	16	25	62	6	39	15	21	17	23	11	60	24	52	0	49	26	37	1	61	13	59	8	47	7	38	10	63	2	54	3	56	4	34	5	
10.903246	35.730816	37.432224	3.782382	-0.787322	0.222077	-0.575158	-0.544739	0.186357	0.817637	0.288763	0.957054	-0.025749	0.169710	0.044787	0.024139	32	8	11	15	28	54	40	58	25	44	19	36	48	52	50	39	0	46	35	17	1	60	53	27	2	9	3	31	32	57	24	42	20	10	7	18	4	61	13	62	14	33	29	51	26	55	30	21	12	41	38	5	6	63	43	49	22	23	45	37	16	59	34	56	47	
10.903246	35.730816	37.432224	3.782382	-0.787322	0.222077	-0.575158	-0.211009	0.779482	0.589816	0.579310	0.585739	-0.566842	0.169710	0.044787	0.024139	32	33	32	12	25	55	59	9	11	26	17	52	21	54	38	41	7	30	48	0	8	49	61	1	2	6	19	34	5	57	60	31	13	16	3	27	18	63	28	51	14	37	39	45	22	35	58	15	23	10	43	4	20	62	53	56	40	36	42	47	24	50	44	46	29	
11.021873	168.681305	46.224091	3.760051	-0.328284	-0.601011	0.728708	-0.563279	0.743845	0.359738	-0.758252	-0.292370	-0.582730	0.701565	0.207415	0.134780	0	23	5	41	9	49	48	33	57	39	13	53	45	22	28	15	31	29	11	26	36	35	19	32	58	62	18	0	46	3	14	1	51	61	25	42	59	24	16	2	56	27	20	50	55	40	4	38	12	63	7	34	6	37	17	30	44	60	47	10	52	43	21	8	54	
11.021873	168.681305	46.224091	3.760051	0.565875	0.579260	0.586722	0.412603	-0.815056	0.406746	0.713823	0.011916	-0.700224	0.701565	0.207415	0.134780	32	40	12	25	24	36	28	60	23	10	59	6	55	44	57	7	5	32	43	8	21	62	22	45	16	15	48	18	63	26	29	13	56	50	53	17	41	51	14	54	9	33	61	39	52	30	0	37	2	31	49	3	38	47	27	34	4	46	19	58	35	42	20	11	1	
