# featExtract 1.1
# Extraction Voxel Resolution (ijk) : 180 180 180
# Extraction Voxel Size (mm)  (ijk) : 1.000000 1.000000 1.000000
# Feature Coordinate Space: voxels: 1.0 0.0 0.0 0.0 0.0 1.0 0.0 0.0 0.0 0.0 1.0 0.0 0.0 0.0 0.0 1.0
Features: 1642
Scale-space location[x y z scale] orientation[o11 o12 o13 o21 o22 o23 o31 o32 o32] 2nd moment eigenvalues[e1 e2 e3] info flag[i1] descriptor[d1 .. d64]
30.742496	166.099136	10.504448	3.794763	-0.458765	0.816617	0.350245	-0.536379	0.059741	-0.841860	0.708401	0.574080	-0.410609	0.654858	0.300158	0.108411	0	21	60	43	22	2	1	61	7	27	48	33	24	6	57	18	54	13	63	36	55	4	34	45	5	30	32	46	0	26	47	62	37	31	51	11	8	3	52	58	44	56	12	53	19	15	42	14	23	9	41	25	17	40	28	59	10	50	39	49	38	16	29	20	35	
30.742496	166.099136	10.504448	3.794763	0.166886	0.581885	-0.795964	0.813797	0.374494	0.444397	0.556672	-0.721917	-0.411039	0.654858	0.300158	0.108411	32	17	1	55	23	28	46	49	60	63	58	4	26	22	34	7	16	36	32	42	9	50	18	15	12	54	37	27	45	29	21	11	53	6	0	25	52	24	40	30	61	62	41	59	31	13	57	2	38	8	10	47	19	51	56	5	3	14	33	35	43	39	48	20	44	
30.742496	166.099136	10.504448	3.794763	0.166886	0.581885	-0.795964	-0.834808	-0.346167	-0.428093	-0.524638	0.735920	0.427992	0.654858	0.300158	0.108411	32	18	44	6	11	2	12	58	52	40	47	34	7	39	27	48	37	53	30	0	5	61	31	45	21	23	59	43	62	35	3	56	15	9	42	32	38	10	14	19	51	46	26	36	50	54	13	22	28	20	55	1	17	60	49	41	24	33	4	57	63	16	8	29	25	
30.742496	166.099136	10.504448	3.794763	0.571879	0.604062	-0.555035	-0.786614	0.211792	-0.579985	-0.232795	0.768279	0.596283	0.654858	0.300158	0.108411	32	11	16	44	3	12	39	54	19	29	48	57	1	27	13	49	5	7	21	18	47	45	38	63	41	33	62	56	37	42	51	61	0	6	43	25	36	9	31	20	26	30	22	46	32	23	35	24	10	17	28	15	2	59	40	53	34	52	55	8	60	50	14	4	58	
30.742496	166.099136	10.504448	3.794763	0.571879	0.604062	-0.555035	-0.578280	-0.183042	-0.795040	-0.581848	0.775632	0.244639	0.654858	0.300158	0.108411	32	22	27	12	34	3	7	26	48	13	8	47	19	29	6	38	39	4	35	1	41	56	37	57	58	61	54	10	32	52	43	59	0	28	5	21	33	36	44	20	25	49	45	11	46	23	9	17	18	15	2	42	14	24	31	62	63	60	53	30	50	55	40	16	51	
30.742496	166.099136	10.504448	3.794763	0.571879	0.604062	-0.555035	0.584108	0.175225	0.792537	0.575997	-0.777435	-0.252630	0.654858	0.300158	0.108411	32	12	40	2	21	63	62	33	23	50	28	54	61	53	16	32	55	36	20	5	30	25	13	44	37	46	9	45	51	17	15	10	22	42	1	35	4	56	58	38	52	34	11	57	60	0	59	43	49	31	18	24	26	48	29	8	3	19	47	7	14	41	39	6	27	
30.742496	166.099136	10.504448	3.794763	0.571879	0.604062	-0.555035	0.819819	-0.396761	0.412890	0.029195	-0.691151	-0.722120	0.654858	0.300158	0.108411	32	2	9	43	12	17	47	51	57	62	10	55	44	48	3	31	37	24	29	53	7	22	46	19	1	15	52	20	11	21	42	23	27	38	41	16	14	40	63	36	33	39	59	61	25	6	58	56	28	5	30	35	8	26	50	54	13	0	49	60	18	4	34	32	45	
30.742496	166.099136	10.504448	3.794763	-0.808851	-0.448399	0.380393	-0.555727	0.371519	-0.743735	0.192167	-0.812965	-0.549691	0.654858	0.300158	0.108411	32	26	24	12	6	28	14	42	51	37	19	41	8	18	13	31	17	30	39	56	59	55	54	27	0	15	46	40	60	44	43	1	7	9	23	10	34	29	11	25	61	52	20	33	35	21	16	4	48	50	38	53	57	62	36	2	32	5	3	58	63	45	49	47	22	
30.742496	166.099136	10.504448	3.794763	-0.808851	-0.448399	0.380393	0.549994	-0.348080	0.759175	-0.208006	0.823273	0.528161	0.654858	0.300158	0.108411	32	55	51	41	52	30	2	37	62	63	59	4	5	21	50	48	43	25	12	23	11	61	18	13	26	34	33	35	47	49	3	22	15	57	58	40	27	0	29	56	54	60	42	46	7	6	1	44	45	8	10	20	32	53	39	16	28	9	38	24	36	17	31	14	19	
30.742496	166.099136	10.504448	3.794763	-0.808851	-0.448399	0.380393	0.175403	-0.801450	-0.571762	0.561243	-0.395748	0.726904	0.654858	0.300158	0.108411	32	55	26	59	40	33	57	0	49	38	24	60	46	1	44	6	43	52	53	58	36	2	62	27	35	54	8	63	3	48	45	25	50	13	31	5	23	42	28	51	18	41	39	9	12	32	20	22	15	7	11	30	21	10	34	61	14	29	56	37	17	4	16	47	19	
30.742496	166.099136	10.504448	3.794763	-0.179842	-0.574943	0.798184	0.815656	0.366413	0.447712	-0.549874	0.731561	0.403059	0.654858	0.300158	0.108411	32	57	12	31	2	43	62	36	59	40	24	61	28	0	4	53	27	48	41	35	22	32	13	44	38	56	54	3	6	5	7	20	47	29	21	16	8	58	63	34	9	46	26	60	50	1	18	23	52	19	30	55	11	37	51	45	25	17	49	14	15	33	39	10	42	
30.742496	166.099136	10.504448	3.794763	-0.179842	-0.574943	0.798184	-0.836230	-0.337965	-0.431856	0.518051	-0.745131	-0.420004	0.654858	0.300158	0.108411	32	13	55	26	21	23	47	49	35	14	11	50	18	40	9	39	29	7	16	30	25	8	37	63	57	52	60	22	45	51	27	17	1	24	36	34	48	41	43	5	38	12	2	53	59	42	19	10	6	3	31	15	56	58	32	62	46	33	61	20	44	28	54	4	0	
77.179092	19.910065	11.638043	3.769889	-0.183295	-0.164541	-0.969190	0.228947	0.951638	-0.204860	0.956026	-0.259443	-0.136759	0.199296	0.066541	0.043367	0	9	26	24	39	48	34	31	43	37	44	19	32	46	50	6	14	18	40	45	10	53	55	36	0	28	38	52	22	54	13	41	1	56	5	15	7	62	30	35	17	59	16	51	12	61	29	27	25	42	23	49	2	63	11	58	3	47	21	20	8	60	33	57	4	
77.179092	19.910065	11.638043	3.769889	-0.173477	0.551522	0.815923	0.073918	-0.818856	0.569220	0.982060	0.159058	0.101285	0.199296	0.066541	0.043367	32	34	57	21	43	16	15	27	36	56	55	31	48	13	0	45	35	23	47	17	40	30	39	20	52	53	62	61	49	1	2	3	4	54	37	24	44	26	7	42	11	50	41	59	46	12	5	22	6	58	25	32	38	19	9	33	29	51	63	28	60	18	10	8	14	
77.179092	19.910065	11.638043	3.769889	-0.173477	0.551522	0.815923	-0.042220	0.823558	-0.565659	-0.983932	-0.132577	-0.119583	0.199296	0.066541	0.043367	32	38	31	22	61	29	33	0	19	59	28	63	50	12	9	1	18	46	24	37	54	13	41	10	23	45	60	42	49	2	25	3	11	40	15	47	26	51	21	34	30	52	58	62	55	4	5	6	7	43	20	57	39	36	27	16	17	48	32	53	56	35	44	8	14	
16.463455	101.476273	11.082642	3.729047	-0.826132	0.380429	0.415668	0.476534	0.078030	0.875686	0.300702	0.921513	-0.245751	0.400250	0.291534	0.157483	0	27	12	45	49	39	21	46	42	52	23	61	34	25	54	11	4	55	22	44	47	62	9	31	6	43	51	28	50	32	36	5	20	26	30	17	48	38	24	35	40	33	53	58	57	13	29	8	0	18	41	16	63	56	15	3	14	59	10	37	60	19	1	7	2	
16.463455	101.476273	11.082642	3.729047	0.826449	-0.560598	0.052071	0.234349	0.426624	0.873540	-0.511920	-0.709734	0.483959	0.400250	0.291534	0.157483	32	31	60	13	61	49	29	12	15	50	30	6	53	9	37	10	59	26	28	38	42	40	52	48	19	54	63	2	44	23	22	0	4	41	3	45	39	51	18	55	7	57	58	24	32	16	34	21	20	17	43	27	56	46	33	11	14	25	47	5	62	36	35	8	1	
16.463455	101.476273	11.082642	3.729047	0.826449	-0.560598	0.052071	0.556965	0.800551	-0.221154	0.082293	0.211775	0.973848	0.400250	0.291534	0.157483	32	17	34	46	47	28	5	54	37	59	22	49	32	40	35	11	21	61	60	8	4	50	18	38	7	43	56	48	10	20	55	0	30	36	51	9	31	45	16	41	24	53	62	26	14	44	3	12	15	27	52	25	42	57	13	29	33	63	58	39	6	19	1	23	2	
23.217657	127.651283	11.239859	3.775009	-0.786199	0.426983	0.446740	0.240087	-0.455081	0.857473	-0.569429	-0.781401	-0.255271	0.252793	0.157204	0.080659	0	27	14	45	44	39	19	18	48	51	22	61	52	9	25	8	6	42	20	49	37	35	47	12	29	40	31	62	36	0	17	41	30	60	7	54	28	53	23	33	15	57	1	63	46	34	2	11	3	32	13	59	26	21	43	24	50	55	38	56	58	4	5	10	16	
23.217657	127.651283	11.239859	3.775009	0.607442	-0.794364	0.000146	0.779848	0.596377	0.190190	-0.151167	-0.115416	0.981747	0.252793	0.157204	0.080659	32	57	47	3	30	41	11	23	43	55	31	24	52	36	40	17	21	56	35	27	46	5	6	19	48	62	58	18	16	20	13	1	7	54	34	42	37	44	15	45	49	60	51	25	33	59	4	14	10	61	32	53	39	26	12	9	22	63	50	28	38	29	2	8	0	
22.827452	140.271240	11.391036	3.622842	-0.385249	0.914436	0.124060	0.308250	0.000802	0.951305	-0.869808	-0.404731	0.282184	0.399329	0.234745	0.155127	0	14	32	37	36	18	31	29	49	44	11	61	7	8	28	17	30	54	10	39	22	34	58	20	38	33	56	45	9	21	46	48	3	60	52	23	1	50	19	27	35	53	43	63	42	5	0	25	2	51	13	62	41	26	15	55	24	16	47	40	57	12	6	59	4	
22.827452	140.271240	11.391036	3.622842	0.642741	-0.399233	0.653832	-0.758002	-0.207783	0.618271	-0.110979	-0.892995	-0.436170	0.399329	0.234745	0.155127	32	49	43	5	7	11	4	50	58	41	16	61	45	3	10	42	34	33	38	51	40	8	17	62	28	56	59	35	23	48	13	46	20	12	24	25	27	26	54	57	32	53	44	55	60	14	0	6	1	36	52	9	18	47	39	21	15	19	37	29	63	31	2	30	22	
22.827452	140.271240	11.391036	3.622842	0.642741	-0.399233	0.653832	0.761909	0.244155	-0.599903	0.079864	0.883743	0.461108	0.399329	0.234745	0.155127	32	19	8	51	40	16	22	41	44	63	28	34	17	13	33	3	31	24	27	25	11	30	58	54	23	60	53	36	50	2	6	0	18	39	52	43	32	26	62	20	12	29	37	59	55	14	48	21	46	7	5	49	47	57	56	4	9	45	61	15	42	35	38	10	1	
22.827452	140.271240	11.391036	3.622842	0.642741	-0.399233	0.653832	0.621743	0.770472	-0.140743	-0.447570	0.496977	0.743435	0.399329	0.234745	0.155127	32	26	54	8	27	6	45	13	52	60	57	18	31	2	9	0	41	16	7	50	36	4	56	51	3	39	58	46	43	12	34	14	30	32	20	37	44	21	22	48	59	61	40	55	25	33	35	15	11	28	19	38	23	29	63	10	49	17	47	62	53	1	24	42	5	
22.827452	140.271240	11.391036	3.622842	0.642741	-0.399233	0.653832	0.136113	-0.780382	-0.610309	0.753894	0.481266	-0.447243	0.399329	0.234745	0.155127	32	52	40	11	48	58	56	9	30	39	34	51	61	50	35	26	24	36	38	27	44	29	47	12	37	25	23	63	28	4	41	7	13	18	19	6	45	62	3	33	2	60	53	14	49	46	1	5	16	21	31	22	32	57	20	10	55	54	42	59	43	17	15	0	8	
22.827452	140.271240	11.391036	3.622842	-0.279934	0.477755	-0.832699	0.833306	0.551616	0.036348	0.476695	-0.683718	-0.552532	0.399329	0.234745	0.155127	32	36	58	17	14	54	53	22	56	4	21	61	45	15	52	13	27	29	0	26	37	35	20	49	62	60	38	43	28	23	10	5	40	8	12	46	31	59	48	30	16	44	9	50	34	51	25	24	11	19	2	3	1	63	32	57	41	42	18	7	55	47	33	6	39	
22.827452	140.271240	11.391036	3.622842	-0.279934	0.477755	-0.832699	0.880677	-0.217484	-0.420843	-0.382159	-0.851147	-0.359867	0.399329	0.234745	0.155127	32	45	23	36	10	51	34	60	58	62	29	31	22	25	28	12	42	18	40	4	11	61	54	47	13	3	59	37	16	0	49	46	48	43	52	39	20	5	55	35	50	26	17	44	38	8	41	32	56	14	1	15	2	33	63	9	6	53	21	57	24	7	30	19	27	
22.827452	140.271240	11.391036	3.622842	-0.279934	0.477755	-0.832699	-0.872078	0.236111	0.428639	0.401394	0.846169	0.350545	0.399329	0.234745	0.155127	32	1	19	2	17	10	8	63	31	12	59	23	54	20	26	30	6	22	36	52	45	51	33	55	5	37	44	18	28	57	27	39	7	15	4	41	11	14	50	53	61	16	40	58	3	47	46	49	0	9	42	25	38	56	60	34	48	24	32	29	62	43	13	35	21	
22.827452	140.271240	11.391036	3.622842	-0.279934	0.477755	-0.832699	0.315708	-0.773321	-0.549821	-0.906623	-0.416804	0.065647	0.399329	0.234745	0.155127	32	13	40	27	0	52	48	60	33	29	61	30	38	6	8	45	7	2	4	1	3	55	63	21	54	20	39	56	15	5	44	22	42	23	31	18	53	12	58	57	49	62	35	41	11	19	24	28	43	50	10	34	9	36	37	17	59	47	46	25	14	26	51	16	32	
22.827452	140.271240	11.391036	3.622842	-0.279934	0.477755	-0.832699	-0.205035	0.817611	0.538027	0.937869	0.321344	-0.130921	0.399329	0.234745	0.155127	32	23	25	13	53	57	30	17	33	12	28	46	42	39	19	48	26	50	10	38	27	41	60	59	21	8	43	49	61	40	24	34	6	1	0	2	4	58	20	63	51	14	54	37	35	47	32	36	5	3	7	45	16	22	56	52	55	29	31	62	18	9	44	15	11	
170.595734	66.502258	12.512133	3.637224	-0.826562	0.302981	0.474340	0.466216	-0.103606	0.878583	0.315338	0.947348	-0.055618	0.185043	0.061772	0.019373	0	0	13	30	44	58	48	24	40	16	7	21	55	61	39	28	33	10	1	17	11	62	51	47	6	36	35	37	43	46	53	26	42	2	18	31	15	59	50	49	45	23	32	9	54	56	34	29	19	20	3	22	4	63	60	12	5	38	14	25	8	57	52	27	41	
170.595734	66.502258	12.512133	3.637224	-0.813085	0.581871	-0.017828	-0.573395	-0.805780	-0.148111	-0.100547	-0.110204	0.988810	0.185043	0.061772	0.019373	32	53	50	31	29	15	42	18	35	55	39	56	49	6	8	38	13	44	33	59	16	14	51	11	30	60	40	57	23	34	24	7	0	48	46	54	21	1	32	22	20	52	47	62	41	2	3	19	4	58	36	45	25	12	43	10	28	63	61	37	27	17	9	26	5	
170.595734	66.502258	12.512133	3.637224	-0.813085	0.581871	-0.017828	-0.579727	-0.806541	0.115791	0.052997	0.104484	0.993114	0.185043	0.061772	0.019373	32	42	57	41	31	23	20	14	47	60	29	49	48	26	6	38	17	55	25	50	32	10	36	9	53	63	51	43	19	15	22	0	7	52	46	45	30	1	16	28	21	58	54	56	44	2	3	8	4	59	39	40	34	12	35	11	27	62	61	37	33	18	5	24	13	
170.595734	66.502258	12.512133	3.637224	-0.813085	0.581871	-0.017828	-0.434066	-0.626386	-0.647478	-0.387916	-0.518716	0.761876	0.185043	0.061772	0.019373	32	56	40	42	24	16	41	23	30	54	52	57	48	8	15	13	4	39	33	58	47	18	51	38	12	49	36	61	26	25	28	35	5	45	21	60	37	7	31	19	17	44	50	62	43	9	0	34	1	32	29	55	27	20	53	6	22	63	46	59	14	10	11	2	3	
24.678431	68.955254	12.873376	3.798135	-0.920607	-0.232075	0.314043	0.236765	0.307792	0.921524	-0.310523	0.922716	-0.228409	0.181407	0.086150	0.047141	0	15	19	58	51	42	30	43	20	26	11	60	57	21	13	18	7	29	44	35	32	25	47	36	34	53	48	52	38	31	0	16	1	33	14	55	56	41	37	46	28	50	45	63	61	23	2	22	9	62	10	39	27	6	3	17	12	54	24	59	49	8	4	5	40	
24.678431	68.955254	12.873376	3.798135	0.592368	0.155231	0.790571	0.684835	-0.613894	-0.392601	0.424383	0.773975	-0.469959	0.181407	0.086150	0.047141	32	16	56	8	38	33	49	28	45	58	42	51	50	22	11	0	15	55	57	17	32	46	20	35	25	62	61	30	36	47	29	1	2	44	39	41	13	21	26	40	27	48	53	54	23	9	31	3	19	52	43	18	34	37	24	10	7	63	59	14	60	12	4	5	6	
24.678431	68.955254	12.873376	3.798135	0.592368	0.155231	0.790571	0.799721	-0.232290	-0.553613	0.097704	0.960180	-0.261743	0.181407	0.086150	0.047141	32	25	50	24	48	23	44	49	47	57	59	34	56	0	30	1	11	26	58	33	38	29	46	16	8	55	63	18	51	13	39	2	7	43	27	21	15	28	40	37	32	54	42	52	36	3	35	4	12	53	41	17	45	19	31	10	22	60	62	20	61	5	9	6	14	
32.984894	153.251190	12.298690	3.708588	-0.527197	0.834070	0.162454	0.355043	0.042520	0.933882	-0.772015	-0.550018	0.318547	0.236748	0.117061	0.098207	0	44	22	59	35	31	32	38	20	43	25	62	45	47	28	7	0	34	15	50	17	11	56	40	42	52	18	33	29	16	36	23	57	49	9	63	48	5	26	27	8	2	10	58	60	39	3	54	14	53	21	61	6	1	46	19	30	51	55	12	37	4	24	41	13	
32.984894	153.251190	12.298690	3.708588	0.796826	-0.211819	0.565863	-0.603005	-0.219705	0.766886	-0.038118	-0.952293	-0.302794	0.236748	0.117061	0.098207	32	39	16	29	10	40	4	60	31	26	57	41	59	3	0	19	12	20	37	34	24	17	6	63	43	55	45	28	5	61	30	9	13	38	46	21	49	1	7	32	58	42	53	62	8	2	50	33	48	52	23	51	14	11	27	35	44	56	54	47	25	36	22	18	15	
32.984894	153.251190	12.298690	3.708588	0.796826	-0.211819	0.565863	0.204064	-0.787160	-0.582011	0.568706	0.579234	-0.584005	0.236748	0.117061	0.098207	32	35	40	20	36	63	31	17	11	45	42	5	62	19	43	0	59	46	54	10	57	32	12	28	23	55	61	4	56	27	13	29	22	9	37	25	24	48	52	15	18	53	6	58	38	44	3	7	14	26	34	49	33	51	8	50	2	47	60	21	41	30	1	39	16	
32.984894	153.251190	12.298690	3.708588	0.796826	-0.211819	0.565863	0.598200	0.144809	-0.788154	0.085003	0.966521	0.242098	0.236748	0.117061	0.098207	32	27	52	23	45	44	37	33	8	18	43	55	58	10	22	11	40	50	17	48	39	56	29	6	1	9	62	47	46	49	25	54	2	26	30	36	20	51	63	5	21	7	28	41	53	12	16	24	61	19	32	14	35	38	60	3	34	59	42	57	31	13	15	0	4	
32.984894	153.251190	12.298690	3.708588	0.796826	-0.211819	0.565863	0.578082	0.539690	-0.612010	-0.175756	0.814781	0.552487	0.236748	0.117061	0.098207	32	7	49	51	56	32	27	20	14	5	60	48	62	28	24	29	15	55	26	36	30	50	52	2	4	22	46	44	59	37	34	16	1	21	35	33	39	18	63	6	31	10	40	61	41	0	17	58	45	25	12	23	38	19	47	9	57	54	53	43	11	8	42	13	3	
32.984894	153.251190	12.298690	3.708588	-0.584672	0.172617	-0.792693	0.613805	-0.544784	-0.571361	-0.530474	-0.820617	0.212567	0.236748	0.117061	0.098207	32	19	46	50	1	11	48	35	44	52	38	51	23	25	20	34	18	2	43	5	17	59	57	16	40	58	56	13	29	42	26	9	24	6	30	27	0	54	61	60	22	49	37	39	53	31	32	12	21	28	14	10	33	63	4	45	41	15	8	7	36	55	3	62	47	
32.984894	153.251190	12.298690	3.708588	-0.584672	0.172617	-0.792693	-0.811191	-0.138015	0.568262	-0.011312	0.975272	0.220719	0.236748	0.117061	0.098207	32	26	6	19	30	62	53	11	63	0	1	59	27	44	32	48	31	3	20	18	23	52	60	43	51	37	21	25	24	42	47	8	56	10	5	40	41	33	7	61	39	4	49	34	50	12	28	22	36	13	46	2	9	38	55	29	57	35	45	58	54	14	16	15	17	
32.984894	153.251190	12.298690	3.708588	-0.584672	0.172617	-0.792693	0.792508	-0.087392	-0.603567	-0.173461	-0.981104	-0.085705	0.236748	0.117061	0.098207	32	8	13	50	0	43	33	55	30	52	54	53	29	12	24	22	11	9	48	2	10	40	60	19	42	57	39	41	3	36	21	16	18	23	4	25	5	59	46	61	51	27	28	26	45	49	17	34	31	32	15	6	35	63	7	62	58	20	56	1	14	37	38	47	44	
32.984894	153.251190	12.298690	3.708588	-0.584672	0.172617	-0.792693	0.547303	0.805183	-0.228341	0.598847	-0.567348	-0.565242	0.236748	0.117061	0.098207	32	30	0	8	29	61	22	54	60	42	50	48	45	34	20	33	10	46	1	19	51	49	43	11	32	31	21	52	53	18	17	26	41	15	28	25	14	4	37	63	44	5	35	16	9	3	47	57	62	38	23	2	6	58	40	59	7	55	36	56	12	24	27	39	13	
32.984894	153.251190	12.298690	3.708588	-0.584672	0.172617	-0.792693	-0.597426	0.569434	0.564648	0.548854	0.803709	-0.229806	0.236748	0.117061	0.098207	32	28	13	16	23	39	44	4	63	35	8	5	14	45	62	3	57	0	29	30	7	22	60	61	54	48	46	42	50	20	10	34	33	24	6	40	1	38	9	58	59	37	12	55	56	27	15	25	36	2	51	47	18	43	32	49	11	21	52	31	53	17	41	19	26	
15.034354	32.095242	13.672441	3.802079	0.709507	0.031518	-0.703993	0.688982	-0.240831	0.683596	0.147998	0.970055	0.192587	0.433884	0.366317	0.132571	0	22	44	41	48	23	27	33	53	26	51	20	39	15	34	38	60	29	40	32	36	31	50	21	14	63	52	46	11	18	9	2	3	59	45	42	35	13	28	54	10	57	47	56	19	8	5	58	4	12	43	49	24	17	16	55	30	61	62	25	37	1	0	6	7	
15.034354	32.095242	13.672441	3.802079	0.793760	0.607404	0.031704	0.608067	-0.793678	-0.018173	0.014125	0.033703	-0.999332	0.433884	0.366317	0.132571	32	15	44	1	34	33	63	16	29	61	54	46	27	32	28	4	5	17	31	58	25	13	62	6	18	41	59	39	53	37	40	0	2	30	42	9	7	36	43	48	26	23	49	47	52	10	12	22	11	19	14	8	55	57	45	50	21	38	51	60	56	24	35	20	3	
15.034354	32.095242	13.672441	3.802079	0.793760	0.607404	0.031704	-0.438377	0.607452	-0.662441	-0.421628	0.511921	0.748443	0.433884	0.366317	0.132571	32	33	20	14	23	32	52	59	44	62	57	63	6	0	22	29	8	5	17	37	19	18	50	60	42	34	43	61	30	15	28	10	24	46	35	49	21	2	26	58	39	3	56	55	45	1	16	27	51	11	25	4	36	41	31	38	54	40	53	47	48	13	12	7	9	
101.199593	13.298923	14.712905	3.653640	-0.066918	0.716787	0.694074	-0.415815	-0.652380	0.633639	-0.906984	0.246204	-0.341706	0.157782	0.047095	0.020063	0	24	11	50	27	47	45	35	42	46	25	39	41	59	30	14	0	37	29	33	44	60	28	22	17	55	16	36	52	38	18	31	20	32	10	49	21	48	34	56	1	53	23	58	43	54	9	26	2	61	12	51	3	57	40	13	4	63	5	19	15	62	6	7	8	
101.199593	13.298923	14.712905	3.653640	0.051456	0.566688	0.822324	0.655888	-0.640115	0.400081	0.753103	0.518766	-0.404622	0.157782	0.047095	0.020063	32	18	56	13	37	19	43	21	36	53	49	46	52	5	11	25	0	39	59	27	34	28	15	20	14	60	61	54	40	23	17	16	1	26	42	29	33	51	30	41	7	63	55	50	48	9	2	8	3	35	32	45	57	44	22	12	6	47	62	38	58	31	24	4	10	
101.199593	13.298923	14.712905	3.653640	0.051456	0.566688	0.822324	0.201121	-0.812424	0.547281	0.978214	0.137226	-0.155777	0.157782	0.047095	0.020063	32	45	43	24	31	41	34	33	26	54	47	38	59	0	1	12	23	39	57	11	44	14	30	13	27	60	56	53	40	22	2	15	17	25	48	21	36	50	16	35	3	62	28	55	58	20	4	5	6	52	51	32	49	42	10	19	7	61	63	29	46	37	18	8	9	
101.199593	13.298923	14.712905	3.653640	0.051456	0.566688	0.822324	-0.639317	-0.613886	0.463053	0.767220	-0.549552	0.330705	0.157782	0.047095	0.020063	32	38	36	23	28	34	10	51	37	57	53	59	49	0	1	2	7	52	41	15	19	40	39	17	20	55	46	45	48	14	3	6	24	29	56	30	43	27	8	42	13	58	60	54	44	26	12	22	4	61	35	33	32	18	11	31	16	63	47	62	50	21	5	25	9	
33.785732	16.681444	14.078046	3.702607	-0.338408	0.379619	0.861028	-0.357649	0.794461	-0.490836	-0.870384	-0.474048	-0.133081	0.159961	0.074279	0.027173	0	50	38	37	33	28	27	47	31	56	34	30	49	23	35	18	46	58	60	15	17	19	29	16	22	53	55	26	20	51	57	45	25	36	54	21	14	44	0	59	11	61	24	48	12	43	13	41	8	62	39	52	9	40	1	42	7	63	2	10	3	32	4	5	6	
33.785732	16.681444	14.078046	3.702607	0.435532	0.614679	0.657634	0.190872	-0.777012	0.599850	0.879705	-0.135730	-0.455738	0.159961	0.074279	0.027173	32	18	44	24	15	26	37	55	33	53	58	56	25	0	1	30	2	14	52	46	21	22	49	11	10	47	61	41	57	8	28	3	13	36	63	34	4	5	6	51	31	32	62	42	50	17	27	39	43	23	29	38	48	45	20	35	19	59	60	54	40	16	9	12	7	
33.785732	16.681444	14.078046	3.702607	0.435532	0.614679	0.657634	-0.268902	-0.608366	0.746715	0.859072	-0.502057	-0.099674	0.159961	0.074279	0.027173	32	49	47	32	14	0	8	54	35	58	39	53	55	12	1	34	13	31	51	20	15	33	44	25	22	60	61	45	41	2	10	7	5	57	37	29	24	18	16	48	38	56	63	26	50	19	3	17	52	27	36	11	43	42	30	23	28	62	40	59	46	9	21	4	6	
33.785732	16.681444	14.078046	3.702607	0.435532	0.614679	0.657634	0.283425	0.599768	-0.748297	-0.854390	0.512297	0.087003	0.159961	0.074279	0.027173	32	41	11	36	26	28	23	29	42	51	59	40	62	6	0	21	10	25	27	35	56	37	50	17	18	49	30	63	57	52	15	1	19	16	20	47	31	22	24	44	33	38	46	61	60	7	8	9	2	13	32	45	54	39	48	5	3	55	53	43	58	14	34	4	12	
33.785732	16.681444	14.078046	3.702607	0.435532	0.614679	0.657634	-0.812320	-0.046419	0.581363	0.387878	-0.787411	0.479098	0.159961	0.074279	0.027173	32	62	11	29	32	0	17	9	54	58	55	38	48	35	30	18	47	39	21	6	16	45	33	34	52	61	28	56	51	1	2	3	25	31	41	12	42	20	13	46	37	63	40	57	43	14	8	22	19	53	26	10	44	50	15	24	4	59	60	49	36	27	23	5	7	
26.330439	21.588270	14.336946	3.751326	0.064971	-0.742586	-0.666592	0.043823	-0.665235	0.745347	-0.996924	-0.077638	-0.010679	0.142748	0.107612	0.026372	0	40	19	58	23	48	18	38	28	50	55	20	25	22	41	27	29	30	60	21	53	17	12	45	26	51	61	24	8	32	11	43	14	34	52	35	37	0	36	44	9	62	46	47	16	33	1	56	2	59	57	31	3	54	15	49	10	63	39	42	4	5	6	13	7	
26.330439	21.588270	14.336946	3.751326	0.805704	0.570144	-0.160554	-0.417355	0.354113	-0.836910	-0.420305	0.741310	0.523263	0.142748	0.107612	0.026372	32	16	43	23	30	15	29	54	44	46	49	62	0	1	22	52	2	21	28	42	50	26	31	45	37	25	55	60	17	9	13	53	3	35	59	48	47	20	14	38	11	27	18	63	40	4	5	32	6	19	36	24	10	41	39	58	56	51	61	57	33	7	8	34	12	
26.330439	21.588270	14.336946	3.751326	0.805704	0.570144	-0.160554	0.580651	-0.813799	0.023983	-0.116985	-0.112549	-0.986736	0.142748	0.107612	0.026372	32	46	22	58	45	11	35	17	49	30	62	31	59	0	34	1	36	53	28	47	26	10	56	13	9	2	61	21	63	3	33	4	25	32	12	20	43	41	52	39	55	57	23	38	50	7	51	5	14	19	48	6	37	42	40	27	18	29	54	60	44	8	16	15	24	
26.330439	21.588270	14.336946	3.751326	0.805704	0.570144	-0.160554	-0.465338	0.776988	0.423970	0.366472	-0.266882	0.891332	0.142748	0.107612	0.026372	32	36	16	54	27	44	26	32	30	60	31	15	59	53	7	0	13	19	20	12	34	58	39	57	41	56	49	33	61	37	1	11	2	28	21	29	47	51	22	46	24	62	43	8	38	52	10	6	23	50	45	48	55	40	18	5	9	63	25	42	17	35	3	14	4	
26.330439	21.588270	14.336946	3.751326	0.805704	0.570144	-0.160554	-0.590917	0.792344	-0.151685	0.040732	0.217087	0.975302	0.142748	0.107612	0.026372	32	33	10	39	23	21	27	45	41	35	61	57	19	13	16	26	0	47	25	28	20	58	32	51	38	36	56	37	55	17	1	48	8	24	52	44	54	7	18	53	11	60	9	63	2	12	3	30	4	29	59	34	40	46	15	50	14	49	43	62	31	22	5	42	6	
18.282080	72.603790	15.721635	3.686435	-0.560138	-0.476372	0.677727	-0.353970	0.877305	0.324100	-0.748966	-0.058354	-0.660034	0.427461	0.182382	0.116704	0	28	45	56	40	39	37	13	31	42	26	36	50	21	25	60	33	41	22	32	47	15	27	5	53	62	30	58	17	6	19	0	24	46	9	55	49	48	20	18	34	63	52	44	51	16	1	11	10	57	54	38	29	23	35	3	4	61	12	43	8	2	14	7	59	
18.282080	72.603790	15.721635	3.686435	0.570639	0.196123	0.797438	0.569766	-0.793865	-0.212475	0.591387	0.575599	-0.564754	0.427461	0.182382	0.116704	32	16	14	21	19	50	41	32	36	61	58	46	38	20	3	29	0	49	60	10	17	55	48	12	25	62	23	63	43	44	7	8	6	26	13	15	37	52	47	35	5	40	45	57	39	28	22	9	18	27	33	30	24	34	31	51	42	53	56	59	54	1	11	2	4	
18.282080	72.603790	15.721635	3.686435	0.570639	0.196123	0.797438	0.781518	-0.427911	-0.454006	0.252191	0.882286	-0.397456	0.427461	0.182382	0.116704	32	2	15	25	23	26	58	24	43	45	63	60	28	11	7	9	3	5	61	14	52	31	50	33	49	62	51	54	55	29	18	4	22	8	21	39	46	30	53	16	12	44	47	57	32	40	19	17	10	35	36	20	6	37	38	48	41	59	42	56	34	1	27	0	13	
18.282080	72.603790	15.721635	3.686435	0.570639	0.196123	0.797438	-0.778784	-0.178811	0.601267	0.260513	-0.964138	0.050701	0.427461	0.182382	0.116704	32	4	25	26	16	40	42	57	33	24	46	49	59	21	9	30	6	23	43	22	18	17	28	53	27	19	36	62	48	0	1	41	45	54	14	38	13	50	44	35	39	60	47	61	56	12	5	8	2	15	37	55	11	34	31	51	20	32	63	52	58	3	10	29	7	
18.282080	72.603790	15.721635	3.686435	0.570639	0.196123	0.797438	0.806556	0.048718	-0.589146	-0.154395	0.979368	-0.130384	0.427461	0.182382	0.116704	32	6	49	41	18	12	52	33	30	55	57	63	38	11	17	13	0	8	42	15	58	29	34	40	54	60	56	50	59	1	14	2	16	10	19	46	32	21	53	27	22	47	61	39	20	44	35	4	3	25	31	26	7	37	51	36	45	62	48	43	24	5	28	9	23	
18.282080	72.603790	15.721635	3.686435	0.570639	0.196123	0.797438	0.604029	0.557632	-0.569382	-0.556345	0.806587	0.199743	0.427461	0.182382	0.116704	32	7	49	24	60	12	57	19	46	63	62	45	25	5	43	4	10	29	27	20	34	51	32	40	33	59	54	53	58	0	1	6	11	21	15	22	17	28	50	37	41	48	61	38	55	31	18	2	3	16	26	39	13	35	52	8	47	56	44	36	42	9	30	14	23	
22.009048	158.541611	16.207188	3.843732	-0.174071	-0.400761	0.899494	-0.451733	-0.779160	-0.434567	0.875007	-0.481976	-0.045408	0.729937	0.439730	0.303138	0	0	48	58	16	40	36	62	14	12	54	38	41	4	50	24	42	29	57	33	49	19	31	39	1	11	61	37	17	5	47	60	26	34	7	23	59	51	44	35	55	63	10	32	15	2	20	18	43	21	9	22	28	45	27	52	30	56	25	53	13	6	3	8	46	
22.009048	158.541611	16.207188	3.843732	0.252759	0.497040	-0.830099	0.352451	0.751706	0.557419	0.901050	-0.433462	0.014818	0.729937	0.439730	0.303138	32	15	41	58	16	7	45	54	50	60	51	55	2	10	25	21	35	4	33	49	32	29	48	31	42	52	11	57	30	19	12	20	23	1	13	37	63	43	14	61	28	56	38	46	53	40	26	22	5	18	24	3	44	62	39	17	0	9	34	27	59	47	6	8	36	
22.009048	158.541611	16.207188	3.843732	0.252759	0.497040	-0.830099	-0.203020	-0.811610	-0.547787	-0.945989	0.306985	-0.104233	0.729937	0.439730	0.303138	32	55	1	10	32	7	12	6	62	54	20	33	13	41	30	2	45	63	19	3	5	44	52	9	43	61	48	27	50	4	29	18	36	38	42	37	8	39	21	49	23	24	58	16	51	15	25	28	11	35	59	34	22	47	56	46	40	0	60	53	57	31	17	26	14	
22.009048	158.541611	16.207188	3.843732	0.252759	0.497040	-0.830099	-0.786050	0.605731	0.123348	0.564126	0.621322	0.543802	0.729937	0.439730	0.303138	32	12	63	1	55	35	19	52	62	54	24	58	42	34	6	49	14	44	16	37	53	20	57	2	41	33	29	59	46	22	45	26	8	23	21	13	4	61	0	50	10	39	60	3	28	38	31	32	5	36	11	9	51	48	40	43	25	18	30	47	56	7	17	27	15	
22.009048	158.541611	16.207188	3.843732	0.252759	0.497040	-0.830099	0.786992	-0.604691	-0.122439	-0.562811	-0.622334	-0.544008	0.729937	0.439730	0.303138	32	51	9	14	37	25	43	41	48	56	47	30	18	15	27	17	7	3	12	21	23	10	50	0	61	28	2	60	40	4	32	31	39	53	38	16	44	35	5	57	20	46	59	29	33	8	26	45	22	55	1	63	11	62	52	19	36	42	58	24	54	13	49	6	34	
22.009048	158.541611	16.207188	3.843732	0.252759	0.497040	-0.830099	-0.866314	-0.265774	-0.422924	-0.430828	0.826024	0.363416	0.729937	0.439730	0.303138	32	32	40	15	24	0	38	61	39	57	52	22	13	23	6	27	11	44	63	9	16	36	60	54	56	45	20	62	55	10	2	35	46	4	49	43	25	3	14	53	50	34	51	26	37	7	28	19	42	47	31	21	41	58	12	5	8	18	17	30	59	48	1	29	33	
14.569380	134.585266	17.063234	3.946365	-0.345130	-0.493180	0.798535	0.123112	0.819674	0.559445	-0.930445	0.291390	-0.222178	0.715073	0.301211	0.256903	0	20	2	59	37	11	27	24	49	3	5	57	35	33	53	22	62	61	10	14	13	12	60	0	32	36	43	21	16	34	28	39	40	25	44	58	54	19	4	38	23	18	8	63	42	52	47	29	1	50	45	56	7	26	31	15	6	46	51	48	55	9	41	30	17	
14.569380	134.585266	17.063234	3.946365	0.797037	-0.565471	0.212070	-0.196226	-0.574576	-0.794581	0.571163	0.591697	-0.568919	0.715073	0.301211	0.256903	32	9	2	60	61	42	3	8	12	36	38	19	63	59	7	24	18	30	28	0	54	52	50	10	15	37	26	33	58	53	20	16	46	21	27	44	40	39	49	14	45	31	43	56	57	35	1	47	4	29	6	41	55	51	11	23	13	25	32	17	34	62	48	5	22	
14.569380	134.585266	17.063234	3.946365	0.797037	-0.565471	0.212070	0.200964	0.579471	0.789827	-0.569513	-0.586903	0.575500	0.715073	0.301211	0.256903	32	55	41	6	29	14	23	9	50	31	17	34	26	22	5	49	62	44	39	28	21	45	13	47	40	57	56	42	30	4	46	1	35	54	0	25	32	15	10	48	51	58	33	27	37	52	11	18	53	61	60	2	12	16	8	3	43	63	19	38	36	20	24	7	59	
14.569380	134.585266	17.063234	3.946365	0.797037	-0.565471	0.212070	0.428710	0.777088	0.460805	-0.425369	-0.276363	0.861792	0.715073	0.301211	0.256903	32	62	17	1	45	14	12	0	52	46	3	42	48	32	8	38	63	23	37	41	43	13	22	40	58	60	51	7	9	33	49	5	26	44	11	39	50	2	6	25	59	57	47	27	19	55	28	10	30	61	35	4	21	36	29	18	24	56	15	54	53	16	20	31	34	
86.594025	16.817942	19.502905	3.793379	-0.260568	-0.580527	0.771423	-0.486899	0.768987	0.414231	-0.833687	-0.267669	-0.483032	0.150750	0.037342	0.017064	0	50	16	57	22	27	35	34	54	43	20	52	33	28	36	48	41	40	18	32	38	53	46	51	23	59	26	47	25	31	55	0	21	58	1	45	12	44	37	39	42	60	2	56	13	49	11	19	15	61	3	17	4	62	30	24	5	63	6	14	7	29	8	9	10	
86.594025	16.817942	19.502905	3.793379	0.201786	0.565218	0.799882	0.400010	-0.793024	0.459462	0.894022	0.227248	-0.386114	0.150750	0.037342	0.017064	32	53	48	0	56	21	25	13	42	28	58	45	62	1	15	2	20	39	30	36	44	18	50	19	32	46	61	47	54	3	4	5	12	33	31	35	52	22	23	37	41	60	55	59	40	14	6	17	7	49	43	24	26	34	38	16	27	63	57	51	29	8	9	10	11	
86.594025	16.817942	19.502905	3.793379	0.201786	0.565218	0.799882	-0.780838	0.585839	-0.216988	-0.591248	-0.580793	0.559558	0.150750	0.037342	0.017064	32	25	29	52	49	30	21	38	19	24	58	55	63	0	13	1	2	41	36	26	37	28	44	18	31	46	56	61	42	3	15	12	17	22	48	50	32	27	33	40	4	47	51	60	54	5	6	7	8	53	35	45	34	43	23	39	14	62	57	59	9	16	20	10	11	
167.195709	20.365856	19.541567	3.848354	-0.605275	0.706362	0.367009	0.296261	-0.228037	0.927485	-0.738832	-0.670114	0.071243	0.561542	0.297915	0.233864	0	25	24	39	17	49	4	54	27	26	23	44	22	14	63	42	62	15	35	53	11	50	58	9	18	33	30	21	38	3	52	37	61	12	10	45	34	29	41	55	43	16	2	59	47	31	28	19	32	8	6	56	0	20	60	7	48	51	5	57	1	36	46	13	40	
167.195709	20.365856	19.541567	3.848354	-0.660968	0.471709	-0.583620	0.575640	-0.180222	-0.797595	-0.481414	-0.863140	-0.152413	0.561542	0.297915	0.233864	32	41	0	56	6	3	55	10	59	50	24	51	47	1	35	9	13	43	28	42	22	4	17	21	63	61	33	44	15	48	11	36	26	25	29	31	39	32	27	45	40	16	7	54	30	52	46	49	23	62	19	20	14	53	2	58	18	34	38	5	37	8	57	12	60	
167.195709	20.365856	19.541567	3.848354	-0.660968	0.471709	-0.583620	-0.583186	0.166542	0.795084	0.472245	0.865884	0.165014	0.561542	0.297915	0.233864	32	15	26	17	62	34	55	2	52	39	4	37	40	60	11	57	6	41	29	30	24	38	48	25	32	28	53	7	18	21	49	36	58	20	43	27	44	63	16	13	5	14	47	31	61	23	33	10	45	19	54	1	42	59	12	56	3	46	51	22	50	9	8	35	0	
167.195709	20.365856	19.541567	3.848354	-0.660968	0.471709	-0.583620	-0.738347	-0.269887	0.618066	0.134036	0.839435	0.526671	0.561542	0.297915	0.233864	32	38	63	13	59	60	36	0	10	29	7	27	58	57	17	62	32	35	22	25	26	47	42	1	34	50	44	18	11	41	52	14	30	24	40	19	33	55	5	45	9	21	56	20	48	28	37	23	3	46	15	4	39	54	8	43	53	51	61	31	6	16	12	49	2	
167.195709	20.365856	19.541567	3.848354	-0.660968	0.471709	-0.583620	-0.588227	-0.808597	0.012640	-0.465951	0.351656	0.811929	0.561542	0.297915	0.233864	32	50	32	34	45	36	4	63	7	40	57	18	54	13	52	44	27	6	61	22	41	59	46	5	24	25	11	30	39	26	14	56	51	62	20	3	2	29	0	60	38	53	55	33	28	9	1	15	23	19	21	43	10	47	17	31	42	58	12	16	8	35	49	48	37	
167.195709	20.365856	19.541567	3.848354	-0.660968	0.471709	-0.583620	-0.032054	-0.794768	-0.606066	-0.749729	-0.381883	0.540437	0.561542	0.297915	0.233864	32	42	31	37	17	1	9	52	46	60	36	18	24	32	4	22	29	63	58	43	12	27	3	61	10	19	59	35	25	21	39	54	62	7	38	44	5	11	55	50	40	57	2	56	33	13	8	20	48	14	26	41	16	49	30	53	0	34	15	51	23	45	28	47	6	
167.195709	20.365856	19.541567	3.848354	-0.660968	0.471709	-0.583620	0.583076	0.812409	-0.003725	0.472381	-0.342757	-0.812019	0.561542	0.297915	0.233864	32	15	38	22	19	42	34	18	46	8	17	11	58	35	48	49	31	2	4	20	62	39	59	0	29	28	33	56	54	24	16	1	9	43	23	61	6	21	5	47	60	40	32	10	25	52	55	12	26	45	30	37	50	7	63	3	36	53	13	57	41	27	44	51	14	
155.874023	21.038000	20.416637	3.623414	-0.660345	-0.434389	0.612577	0.113382	0.748700	0.653140	-0.742353	0.500753	-0.445149	0.564167	0.330483	0.160593	0	49	0	37	17	53	45	14	60	7	11	62	24	33	26	46	16	5	12	47	18	13	59	19	51	44	58	40	30	20	34	10	22	42	1	50	25	43	31	28	52	36	6	54	56	38	55	9	27	39	2	23	3	63	29	32	4	61	8	48	15	41	35	21	57	
155.874023	21.038000	20.416637	3.623414	-0.787161	-0.018923	-0.616458	-0.603151	0.232340	0.763038	0.128789	0.972451	-0.194302	0.564167	0.330483	0.160593	32	30	44	32	40	14	47	1	62	48	24	23	45	46	39	2	31	55	3	51	9	57	54	16	13	56	11	41	61	18	36	4	29	53	10	34	6	37	12	59	33	26	28	58	43	27	17	5	21	35	42	8	49	52	60	7	25	63	38	15	22	20	50	0	19	
155.874023	21.038000	20.416637	3.623414	-0.787161	-0.018923	-0.616458	0.601298	0.198778	-0.773905	0.137183	-0.979862	-0.145092	0.564167	0.330483	0.160593	32	39	21	32	48	26	3	45	62	8	28	9	63	14	0	37	52	22	41	13	25	33	60	15	54	43	55	42	23	16	4	10	20	53	49	7	44	34	6	38	57	61	27	58	31	18	2	30	24	29	11	50	36	56	5	59	17	40	46	19	51	12	1	35	47	
21.431458	166.129272	20.122070	3.638582	-0.488242	0.798716	-0.351670	-0.085178	-0.444653	-0.891643	0.868541	0.405383	-0.285131	0.505453	0.296301	0.259700	0	25	41	14	2	42	18	62	17	51	63	43	11	7	33	12	32	13	48	1	59	31	10	57	56	27	55	6	39	38	37	50	26	24	3	19	58	47	53	20	40	34	0	54	36	30	46	16	60	9	5	23	44	52	15	61	28	49	21	29	35	45	22	4	8	
21.431458	166.129272	20.122070	3.638582	0.251724	0.423723	-0.870111	0.586915	-0.781704	-0.210876	-0.769523	-0.457599	-0.445463	0.505453	0.296301	0.259700	32	50	6	0	9	52	15	24	57	34	63	5	39	7	43	8	31	48	12	58	1	37	45	29	51	35	19	32	40	46	36	21	11	16	56	38	33	18	3	59	20	61	47	22	25	10	2	60	23	49	26	14	41	30	42	53	55	54	62	27	44	4	17	28	13	
21.431458	166.129272	20.122070	3.638582	0.251724	0.423723	-0.870111	-0.818451	-0.386613	-0.425050	-0.516500	0.819139	0.249477	0.505453	0.296301	0.259700	32	56	54	3	22	36	33	37	51	40	35	29	19	18	47	15	42	28	43	34	24	55	32	53	39	30	50	52	62	27	5	14	17	0	45	11	8	26	48	57	23	6	16	46	63	7	2	38	41	44	9	31	58	59	21	10	1	20	60	25	49	61	13	12	4	
21.431458	166.129272	20.122070	3.638582	0.251724	0.423723	-0.870111	-0.584206	0.783308	0.212441	0.771582	0.454848	0.444719	0.505453	0.296301	0.259700	32	41	14	26	49	55	53	42	30	48	28	62	54	13	27	17	5	33	37	56	16	19	58	3	21	25	22	46	61	23	60	2	10	1	59	12	47	51	29	44	38	40	32	18	35	11	20	36	45	9	0	6	50	57	24	15	52	39	4	63	34	31	8	43	7	
21.431458	166.129272	20.122070	3.638582	-0.430665	-0.413800	0.802058	0.581141	0.552791	0.597241	-0.690509	0.723320	0.002409	0.505453	0.296301	0.259700	32	15	45	6	5	39	30	62	53	57	54	38	26	43	12	22	49	34	28	17	46	51	11	29	13	60	41	31	32	2	14	50	37	23	10	44	7	36	52	35	61	40	9	59	16	24	55	33	18	19	48	4	1	27	63	8	47	58	25	20	56	21	3	0	42	
21.431458	166.129272	20.122070	3.638582	-0.430665	-0.413800	0.802058	-0.577207	-0.556893	-0.597246	0.693801	-0.720166	0.000986	0.505453	0.296301	0.259700	32	1	4	48	19	47	8	63	26	56	20	25	58	44	0	5	21	2	43	10	23	61	35	52	38	16	59	9	41	18	33	55	24	46	17	27	34	13	29	11	51	32	31	40	60	36	50	14	3	6	7	45	15	53	62	30	39	28	37	54	57	49	22	12	42	
21.431458	166.129272	20.122070	3.638582	-0.430665	-0.413800	0.802058	-0.793257	-0.250286	-0.555068	0.430431	-0.875286	-0.220460	0.505453	0.296301	0.259700	32	0	12	29	28	15	23	61	50	48	22	25	58	40	6	8	9	26	54	4	1	63	14	42	32	31	62	5	19	2	36	60	11	49	18	44	20	39	33	10	13	27	30	51	43	56	53	41	7	3	16	34	24	57	52	55	45	38	59	37	47	46	35	21	17	
21.431458	166.129272	20.122070	3.638582	-0.430665	-0.413800	0.802058	-0.607680	0.790011	0.081291	-0.667273	-0.452385	-0.591688	0.505453	0.296301	0.259700	32	16	22	49	40	32	44	15	10	39	53	29	48	56	3	43	20	2	27	1	42	7	41	33	63	23	59	55	26	0	19	45	5	13	21	4	36	61	34	54	38	52	58	28	46	17	37	50	11	51	18	8	9	30	35	62	47	60	24	14	6	31	25	12	57	
21.431458	166.129272	20.122070	3.638582	-0.430665	-0.413800	0.802058	0.623312	-0.779075	-0.067255	0.652694	0.470968	0.593447	0.505453	0.296301	0.259700	32	1	9	22	50	49	62	35	29	4	16	28	60	57	13	21	31	36	7	20	11	39	53	34	61	51	27	58	52	12	47	40	25	43	3	24	2	63	37	42	8	23	55	59	15	6	44	18	0	38	48	26	17	10	14	45	33	46	30	54	32	19	41	5	56	
21.431458	166.129272	20.122070	3.638582	-0.430665	-0.413800	0.802058	0.899771	-0.127652	0.417273	-0.070283	0.901373	0.427301	0.505453	0.296301	0.259700	32	35	20	13	9	59	42	22	56	24	29	53	47	10	39	34	41	43	46	3	36	16	12	28	55	54	50	11	15	25	48	18	60	37	8	17	45	40	62	2	63	27	23	61	51	14	58	31	0	33	5	30	6	52	26	49	19	57	38	44	32	7	21	4	1	
21.431458	166.129272	20.122070	3.638582	-0.784169	-0.215478	0.581935	-0.587778	-0.042797	-0.807890	0.198987	-0.975571	-0.093093	0.505453	0.296301	0.259700	32	5	50	12	35	20	23	38	52	30	36	43	57	55	0	6	10	42	14	17	24	62	48	37	16	60	47	56	33	39	2	13	15	61	25	53	41	34	4	26	3	1	40	19	32	59	8	58	45	9	11	27	28	44	63	22	31	51	54	49	46	29	18	21	7	
21.431458	166.129272	20.122070	3.638582	-0.784169	-0.215478	0.581935	0.614335	-0.137208	0.777024	-0.087585	0.966821	0.239970	0.505453	0.296301	0.259700	32	32	30	12	11	33	45	62	54	44	51	46	52	13	27	14	26	48	53	3	58	16	36	7	28	23	18	19	6	40	60	25	59	8	21	17	42	35	43	37	63	41	56	39	61	5	22	0	29	38	2	55	9	50	20	24	4	57	34	47	31	15	10	1	49	
161.370514	30.105824	26.470377	3.684332	-0.522086	0.768107	-0.370727	0.557416	-0.021697	-0.829950	0.645534	0.639954	0.416827	0.220535	0.101611	0.047305	0	53	34	45	14	48	32	33	50	36	21	46	13	8	49	0	58	23	7	42	27	62	40	41	25	54	29	35	20	51	37	18	38	1	2	17	10	63	22	43	44	56	16	52	9	57	6	15	31	4	3	39	28	61	59	30	5	47	12	11	19	60	55	24	26	
161.370514	30.105824	26.470377	3.684332	-0.399622	0.410587	0.819585	-0.581405	0.577711	-0.572903	-0.708710	-0.705456	0.007851	0.220535	0.101611	0.047305	32	24	10	19	58	29	9	8	47	59	46	25	53	36	13	16	18	52	26	31	34	50	21	37	15	63	51	44	32	41	12	6	11	57	5	27	28	56	0	45	38	54	60	55	42	20	1	17	2	33	43	23	49	48	30	35	22	61	62	39	40	14	3	7	4	
34.422256	148.583603	26.798855	4.392644	-0.712744	-0.370979	0.595290	0.538731	0.253958	0.803290	-0.449182	0.893241	0.018851	0.147745	0.068678	0.008670	0	44	11	51	28	29	10	30	22	48	50	61	57	58	53	18	31	36	37	19	46	27	8	23	21	38	13	55	35	20	0	32	12	45	34	59	49	26	1	52	2	39	42	63	60	56	43	16	47	41	3	54	15	17	4	24	9	40	14	62	33	5	6	25	7	
34.422256	148.583603	26.798855	4.392644	0.652096	-0.449871	0.610235	0.447659	-0.421130	-0.788829	0.611860	0.787569	-0.073228	0.147745	0.068678	0.008670	32	36	26	34	45	28	20	14	25	62	44	49	57	0	1	2	48	31	32	43	24	16	23	15	10	61	42	53	63	58	46	3	17	29	35	41	37	19	9	13	12	56	55	47	50	4	18	5	6	39	38	33	30	22	21	11	27	54	52	51	60	59	40	7	8	
34.422256	148.583603	26.798855	4.392644	0.652096	-0.449871	0.610235	-0.572311	0.235799	0.785404	-0.497223	-0.861403	-0.103703	0.147745	0.068678	0.008670	32	30	35	41	27	29	10	23	16	56	60	55	49	0	1	46	43	39	40	32	28	14	11	9	15	51	52	59	54	19	2	3	4	20	45	37	31	8	17	25	12	50	62	57	47	21	5	63	38	42	34	36	33	22	13	26	24	58	48	53	61	44	6	18	7	
34.422256	148.583603	26.798855	4.392644	0.789404	-0.575730	0.213018	0.608168	0.780675	-0.143800	-0.083508	0.243067	0.966408	0.147745	0.068678	0.008670	32	34	31	39	38	25	9	17	12	59	56	58	15	11	47	42	29	28	33	36	19	20	21	37	26	49	52	62	48	30	44	18	0	54	24	53	22	10	14	23	7	61	57	60	40	1	2	51	16	41	27	50	35	13	6	8	3	55	46	63	45	4	32	43	5	
34.422256	148.583603	26.798855	4.392644	0.789404	-0.575730	0.213018	-0.589948	-0.807431	0.003967	0.169713	-0.128801	-0.977040	0.147745	0.068678	0.008670	32	29	51	21	46	0	9	1	12	44	61	47	58	2	42	3	27	23	50	37	52	13	22	4	11	39	59	57	63	5	48	6	19	20	34	30	32	17	35	18	15	54	60	45	55	7	8	43	38	36	31	28	33	14	16	10	25	40	53	56	62	49	41	24	26	
34.422256	148.583603	26.798855	4.392644	0.789404	-0.575730	0.213018	0.578084	0.580436	-0.573510	0.206544	0.575873	0.791018	0.147745	0.068678	0.008670	32	23	30	50	35	8	15	21	13	53	56	61	16	7	48	36	19	22	39	29	20	14	25	27	26	37	58	62	42	28	54	51	0	41	3	57	38	6	5	9	17	59	55	63	52	11	32	49	46	33	34	45	43	12	4	10	1	47	44	60	40	18	24	31	2	
9.463437	15.356802	27.459803	3.890376	-0.322657	0.783919	0.530437	-0.625570	0.243947	-0.741048	0.710320	0.570930	-0.411685	0.543891	0.341541	0.161543	0	3	37	44	6	11	21	63	16	50	61	45	9	0	7	22	5	59	60	36	1	23	26	13	4	25	56	43	10	15	46	58	2	41	48	28	24	8	57	47	32	54	51	55	14	62	19	20	18	49	33	42	40	35	27	17	31	39	30	52	12	29	34	53	38	
9.463437	15.356802	27.459803	3.890376	0.569165	0.604739	-0.557083	0.601270	0.156011	0.783668	0.560826	-0.780994	-0.274816	0.543891	0.341541	0.161543	32	49	37	31	9	61	45	16	29	28	62	15	44	53	32	0	5	63	25	36	19	33	21	1	11	7	35	41	47	48	27	22	20	14	8	18	24	58	30	38	56	40	55	39	34	12	43	2	3	60	57	42	23	54	52	4	10	26	13	50	51	46	59	6	17	
9.463437	15.356802	27.459803	3.890376	0.569165	0.604739	-0.557083	-0.783679	0.193981	-0.590100	-0.248793	0.772439	0.584329	0.543891	0.341541	0.161543	32	18	40	55	46	24	20	52	41	42	60	30	37	15	3	49	4	10	17	1	5	59	43	47	62	33	39	61	23	7	0	38	12	22	45	63	34	16	6	51	9	35	44	27	2	31	29	54	28	11	48	32	58	26	14	53	19	57	36	56	25	8	13	50	21	
9.463437	15.356802	27.459803	3.890376	0.569165	0.604739	-0.557083	-0.214240	0.763204	0.609607	0.793821	-0.227618	0.563949	0.543891	0.341541	0.161543	32	9	13	2	17	41	55	63	45	60	35	24	34	38	7	10	0	40	12	54	49	50	29	22	15	53	59	21	47	51	4	20	14	56	18	36	44	52	25	42	23	31	37	33	61	48	11	5	3	62	16	39	46	57	19	8	6	28	32	1	43	58	26	27	30	
